procs -----------memory---------- ---swap-- -----io---- -system-- ------cpu-----
 r  b   swpd   free   buff  cache   si   so    bi    bo   in   cs us sy id wa st
 1  0 875496 5336544   6988 149664 1077 1311  4718  1353  853  884  3  7 88  2  0
 0  0 875496 5336624   6988 149796    8    0     8    20  390  209  0  0 100  0  0
 0  0 875496 5336400   6996 149788    8    0     8    20  262  167  0  0 100  0  0
 1  0 875496 5336560   7000 149864   12    0    48    16  315  187  0  0 100  0  0
 0  0 875496 5336400   7000 149864    4    0     4     0  295  183  0  0 100  0  0
 0  1 875496 5336400   7004 149864    6    0     6    22  272  155  0  0 100  0  0
 0  0 875496 5336400   7008 149868   18    0    18    10  284  178  0  0 100  0  0
 0  0 875496 5336432   7008 149868    8    0     8     0  243  148  0  0 100  0  0
 0  0 875496 5336208   7016 149868    0    0     0    12  199  113  0  0 100  0  0
 0  0 875496 5336208   7016 149868    0    0     0     6  187   94  0  0 100  0  0
 0  0 875496 5336336   7016 149956   96    0   138     0  211  152  0  0 100  0  0
 0  0 875240 5336336   7024 149948   12    0    12    12  214  146  0  0 100  0  0
 0  0 875240 5336336   7024 149956    0    0     0     8  183  107  0  0 100  0  0
 0  0 874984 5336176   7024 149956    8    0     8     0  169  101  0  0 100  0  0
 0  0 874984 5336176   7032 149960    0    0     0    12  173  107  0  0 100  0  0
 1  0 874984 5336176   7032 149960    0    0     0     8  188  103  0  0 100  0  0
 0  0 874984 5336208   7032 149960    6    0     6     0  191  118  0  0 100  0  0
 0  0 874984 5336208   7040 149960    0    0     0    16  179  102  0  0 100  0  0
 0  0 874984 5336208   7044 149964    0    0     0     8  186  103  0  0 100  0  0
 0  0 874984 5336208   7044 149964    0    0     0     0  177   96  0  0 100  0  0
 0  0 874984 5336208   7052 149964    0    0     0    22  188  110  0  0 100  0  0
procs -----------memory---------- ---swap-- -----io---- -system-- ------cpu-----
 r  b   swpd   free   buff  cache   si   so    bi    bo   in   cs us sy id wa st
 0  0 874984 5336208   7052 149964    0    0     0     6  162   88  0  0 100  0  0
 0  0 874984 5335984   7052 149964    4    0     4     0  202  115  0  0 100  0  0
 0  0 874984 5335984   7060 149968    0    0     0    18  179  107  0  0 100  0  0
 0  0 874984 5336016   7060 149968    0    0     0     8  181  102  0  0 100  0  0
 0  0 874984 5335792   7060 149968    0    0     0     0  169   98  0  0 100  0  0
 0  0 874984 5335792   7068 149960    0    0     0    14  176  109  0  0 100  0  0
 0  0 874984 5335792   7072 149972    0    0     2     8  166   94  0  0 100  0  0
 0  0 874984 5335824   7072 149972    0    0     0     0  172   97  0  0 100  0  0
 0  0 874984 5335600   7080 149964   20    0    20    18  189  112  0  0 100  0  0
 0  0 874984 5335600   7080 149972    0    0     0     6  184  112  0  0 100  0  0
 0  0 874984 5335632   7080 149976   56    0    56     0  219  136  0  0 100  0  0
 0  0 874984 5335632   7088 149976    0    0     0    14  176  110  0  0 100  0  0
 0  0 874984 5335632   7088 149976    0    0     0     8  168   90  0  0 100  0  0
 0  0 874984 5335632   7088 149980    4    0     4     0  193  115  0  0 100  0  0
 0  0 874728 5335192   7096 151532  154    0   972    14  280  208  0  0 100  0  0
 0  0 874728 5334968   7096 151616    6    0     6     8  215  146  0  0 100  0  0
 0  0 874728 5334716   7096 151616   10    0    10     0  195  120  0  0 100  0  0
 0  0 874728 5334716   7104 151620    2    0     2    14  212  152  0  0 100  0  0
 0  0 874728 5334716   7104 151620    0    0     0     8  174   93  0  0 100  0  0
 0  0 874728 5334556   7104 151620    6    0     6     0  194  121  0  0 100  0  0
 0  0 874728 5334556   7112 151612   28    0    28    14  205  152  0  0 100  0  0
procs -----------memory---------- ---swap-- -----io---- -system-- ------cpu-----
 r  b   swpd   free   buff  cache   si   so    bi    bo   in   cs us sy id wa st
 0  0 874728 5334588   7112 151620    0    0     0     6  170  105  0  0 100  0  0
 0  0 874728 5334588   7112 151620    0    0     0     0  162   97  0  0 100  0  0
 0  0 874728 5334588   7120 151628    0    0     0    14  166  108  0  0 100  0  0
 0  0 874728 5334364   7124 151628    2    0     4    10  162  103  0  0 100  0  0
 0  0 874728 5334460   7124 151628    0    0     0     0  189  112  0  0 100  0  0
 0  0 874728 5334492   7132 151696    0    0    38    14  184  114  0  0 100  0  0
 0  0 874728 5334492   7132 151708    0    0     0     8  172  100  0  0 100  0  0
 0  0 874728 5334556   7132 151708    0    0     0     0  182  105  0  0 100  0  0
 0  0 874728 5334332   7140 151700    0    0     0    18  183  107  0  0 100  0  0
 0  0 874728 5334332   7140 151708    0    0     0     6  173   92  0  0 100  0  0
 0  0 874728 5334332   7140 151712    0    0     0     0  188  104  0  0 100  0  0
 0  0 874728 5334332   7148 151704    0    0     0    14  175  114  0  0 100  0  0
 0  0 874728 5334332   7148 151712    0    0     0     8  193  109  0  0 100  0  0
 0  0 874728 5334108   7148 151712    0    0     0     0  176  103  0  0 100  0  0
 0  0 874728 5334108   7156 151724    0    0     0    14  176  118  0  0 100  0  0
 0  0 874728 5334108   7156 151724    0    0     0    10  189  115  0  0 100  0  0
 0  0 874728 5334108   7156 151724    2    0     2     0  183  108  0  0 100  0  0
 0  0 874728 5334108   7164 151716    0    0     0    18  174   96  0  0 100  0  0
 0  0 874728 5334108   7164 151728    0    0     0     8  188  118  0  0 100  0  0
 0  0 874728 5333884   7164 151728    0    0     0     0  196  101  0  0 100  0  0
 0  0 874728 5333884   7172 151720    0    0     0    18  181  111  0  0 100  0  0
procs -----------memory---------- ---swap-- -----io---- -system-- ------cpu-----
 r  b   swpd   free   buff  cache   si   so    bi    bo   in   cs us sy id wa st
 0  0 874728 5333884   7172 151728    0    0     0     6  182   89  0  0 100  0  0
 0  0 874728 5333884   7172 151728    0    0     0     0  190  105  0  0 100  0  0
 0  0 874728 5333884   7180 151732    0    0     0    14  165   96  0  0 100  0  0
 0  0 874728 5333884   7180 151732    6    0     6     8  220  119  0  0 100  0  0
 0  0 874728 5333660   7180 151732    0    0     0     0  188   97  0  0 100  0  0
 0  0 874728 5333660   7188 151728    0    0     0    14  186  108  0  0 100  0  0
 0  0 874728 5333692   7188 151744    0    0     0     8  165   92  0  0 100  0  0
 0  0 874728 5333468   7188 151744    6    0     6     0  193  114  0  0 100  0  0
 0  0 874728 5333468   7196 151744   22    0    22    18  208  150  0  0 100  0  0
 0  0 874728 5333468   7196 151744    0    0     0     6  180  107  0  0 100  0  0
 1  0 873960 5210504   8636 237204 3506    0 46934     0 2289 2573  2  1 96  1  0
 0  0 870632 5133916  12212 258036 3742    0 15738  2708 5549 4392  7  8 83  2  0
 0  0 870632 5140864  12212 258036    0    0     0     8  197  131  0  0 100  0  0
 0  0 870632 5147684  12216 258048    2    0     4   196  238  169  0  0 100  0  0
 2  0 870376 5152548  13108 250884  524    0 31756   228 1782  976  3  2 95  1  0
 1  0 869352 4674636  14092 689680 2160    0 151035     8 3558 1567  9  3 86  1  0
 0  0 869352 4660656  14092 689972   32    0    78     0 1419  478  8  1 90  0  0
 0  0 868840 4673720  14128 690028  208    0   220 26760  525  336  0  0 99  1  0
 0  0 868840 4693996  14128 690032    0    0     0     6  162  102  0  0 100  0  0
 0  0 868840 4710856  14160 690080    0    0    12 42478  685  378  0  1 99  1  0
 0  0 868840 4719200  14176 690080   20    0    20    56  216  137  0  0 100  0  0
procs -----------memory---------- ---swap-- -----io---- -system-- ------cpu-----
 r  b   swpd   free   buff  cache   si   so    bi    bo   in   cs us sy id wa st
 0  0 868840 4725876  14176 690080    6    0     6     8  212  160  0  0 100  0  0
 0  0 868840 4731016  14176 690080    2    0     2    48  190  110  0  0 100  0  0
 0  0 868840 4735392  14184 690076    0    0     0    14  183  113  0  0 100  0  0
 0  0 868840 4736984  14184 690084    0    0     0     8  159   95  0  0 100  0  0
 0  0 868840 4738556  14184 690084    8    0     8     0  181  112  0  0 100  0  0
 0  0 868840 4741084  14192 690084    0    0     0    14  165  102  0  0 100  0  0
 0  0 868840 4742564  14192 690092    0    0     0    10  184  115  0  0 100  0  0
 0  0 868840 4742628  14192 690092   36    0    36     0  192  118  0  0 100  0  0
 0  0 868840 4742628  14200 690084    0    0     0    18  168  109  0  0 100  0  0
 0  0 868840 4742628  14200 690092    0    0     0     6  153   91  0  0 100  0  0
 0  0 868840 4742404  14200 690096    0    0     0     0  190   99  0  0 100  0  0
 0  0 868840 4742504  14208 690088    0    0     0    18  170  101  0  0 100  0  0
 0  0 868840 4742536  14208 690096   10    0    10     8  204  127  0  0 100  0  0
 0  0 868840 4742536  14208 690096    0    0     0     0  176   95  0  0 100  0  0
 0  0 868840 4742600  14216 690100    0    0     0    14  194  111  0  0 100  0  0
 0  0 868840 4742600  14216 690100    0    0     0     8  160   88  0  0 100  0  0
 1  0 868840 4698532  14488 690164   62    0   226     0 1106  341  7  1 92  0  0
 0  0 868840 4705976  14772 690220   20    0   188    28  501  232  3  0 97  0  0
 0  0 868840 4716084  14772 690232    0    0     0     6  189  114  0  0 100  0  0
 0  0 868840 4715892  14772 690232    0    0     0     0  166  100  0  0 100  0  0
 0  0 868584 4723504  14780 690232   20    0    20    28  205  151  0  0 100  0  0
procs -----------memory---------- ---swap-- -----io---- -system-- ------cpu-----
 r  b   swpd   free   buff  cache   si   so    bi    bo   in   cs us sy id wa st
 0  0 868584 4723504  14780 690232    0    0     0     8  170  105  0  0 100  0  0
 0  0 868584 4729364  14780 690232    2    0     2     0  196  124  0  0 100  0  0
 0  0 868584 4729780  14788 690228    0    0     0    14  172  103  0  0 100  0  0
 0  0 868584 4734692  14788 690236    0    0     0     8  183  104  0  0 100  0  0
 0  0 868584 4736580  14788 690236    0    0     0     0  240  133  0  0 100  0  0
 0  0 868584 4738208  14796 690228    0    0     0    14  207  119  0  0 100  0  0
 0  0 868584 4739668  14796 690240    0    0     0     8  187  108  0  0 100  0  0
 1  0 868584 4740664  14796 690244    0    0     0     0  197  118  0  0 100  0  0
 0  0 868584 4741732  14804 690236    0    0     0    14  158   96  0  0 100  0  0
 0  0 868584 4742440  14804 690244    0    0     0     8  177  104  0  0 100  0  0
 0  0 868584 4742248  14804 690248    2    0     2     0  178  104  0  0 100  0  0
 0  0 868584 4742280  14812 690248    0    0     0    18  179  112  0  0 100  0  0
 0  0 868584 4742280  14812 690248    0    0     0     8  166   96  0  0 100  0  0
 0  0 868584 4742280  14812 690248    2    0     2     0  180  106  0  0 100  0  0
 0  0 868584 4742280  14820 690240    0    0     0    18  164  102  0  0 100  0  0
 0  0 868584 4742280  14820 690252    0    0     0     8  171  107  0  0 100  0  0
 0  0 868584 4742280  14820 690252    0    0     0     0  176   98  0  0 100  0  0
 0  0 868328 4742056  14828 691700 1088    0  1764    14  968 1214  0  0 99  1  0
 0  0 868328 4742056  14828 691604    6    0     6     6  265  228  0  0 100  0  0
 0  0 868328 4742056  14828 691608    4    0     4     0  187  107  0  0 100  0  0
 1  0 868328 4742056  14836 691608   42    0    42    14  642  707  0  0 99  0  0
procs -----------memory---------- ---swap-- -----io---- -system-- ------cpu-----
 r  b   swpd   free   buff  cache   si   so    bi    bo   in   cs us sy id wa st
 0  0 868328 4741804  14836 691608   22    0    22     8  324  274  0  0 100  0  0
 0  0 868328 4741804  14836 691608   24    0    24     0  506  557  0  0 100  0  0
 0  0 868328 4741836  14844 691616   18    0    18    14  366  369  0  0 100  0  0
 0  0 868328 4741836  14844 691616   10    0    10     8  234  167  0  0 99  0  0
 0  0 868328 4741836  14844 691616   24    0    24     0  743  765  1  0 99  0  0
 0  0 868328 4741836  14852 691608   18    0    18    14  501  549  1  0 99  0  0
 0  0 868328 4741836  14852 691620    2    0     2     8  282  273  0  0 100  0  0
 0  0 868328 4741612  14852 691620   32    0    32     0  189  111  0  0 100  0  0
 0  0 868328 4741612  14860 691620   74    0    74    14  226  160  0  0 100  0  0
 0  0 868328 4741612  14860 691628   66    0    66     8  382  294  0  0 99  0  0
 0  0 868328 4741612  14860 691628    0    0     0     0  202  117  0  0 100  0  0
 0  0 868328 4741612  14868 691628    2    0     2    18  295  198  0  0 99  0  0
 0  0 868328 4741612  14868 691628    0    0     0     8  286  184  0  0 100  0  0
 0  0 868328 4741612  14868 691628    0    0     0     0  173  100  0  0 100  0  0
 0  0 868328 4741360  14876 691620    0    0     0    18  187  115  0  0 100  0  0
 0  0 868328 4741360  14876 691636    0    0     0     8  172   98  0  0 100  0  0
 0  0 868328 4741360  14876 691636    0    0     0     0  173  105  0  0 100  0  0
 0  0 868328 4741360  14884 691628    0    0     0    14  166   95  0  0 100  0  0
 0  0 868328 4741360  14884 691636    0    0     0     6  181   96  0  0 100  0  0
 0  0 868328 4741392  14884 691640    6    0     6     0  187  109  0  0 100  0  0
 0  0 867304 4737612  14892 693116 3646    0  4380    14 1646 2016  1  0 98  1  0
procs -----------memory---------- ---swap-- -----io---- -system-- ------cpu-----
 r  b   swpd   free   buff  cache   si   so    bi    bo   in   cs us sy id wa st
 0  0 867304 4737360  14892 693124  114    0   114     8  965 1141  1  0 99  0  0
 1  0 867304 4737136  14892 693128   22    0    22     0  562  590  0  0 99  0  0
 0  0 867304 4736884  14908 693384  318    0   500    52  353  331  0  0 100  0  0
 0  0 867304 4736884  14908 693496    0    0     0     8  194  126  0  0 100  0  0
 0  0 867304 4736632  14908 693496  112    0   112    18  330  286  0  0 100  0  0
 0  0 867304 4736632  14916 693488    0    0     0    14  179  107  0  0 100  0  0
 0  0 867304 4736664  14916 693500    0    0     0     8  225  128  0  0 100  0  0
 0  0 867304 4736664  14916 693500    4    0     4     0  209  126  0  0 100  0  0
 0  0 867304 4736664  14924 693492    0    0     0    14  175  101  0  0 100  0  0
 0  0 867304 4736664  14924 693500    4    0     4     6  211  120  0  0 100  0  0
 0  0 867304 4736664  14924 693504    6    0     6     0  213  124  0  0 100  0  0
 0  0 867304 4736664  14932 693504    0    0     0    14  180  106  0  0 100  0  0
 0  0 867304 4736664  14932 693504    0    0     0     8  174   92  0  0 100  0  0
 0  0 867304 4736664  14932 693504   12    0    12     0  209  125  0  0 100  0  0
 0  0 867304 4736664  14940 693496   10    0    10    14  200  153  0  0 100  0  0
 0  0 867304 4736664  14940 693508    0    0     0     8  167  102  0  0 100  0  0
 0  0 867304 4736440  14940 693508    0    0     0     0  179  103  0  0 100  0  0
 0  0 867304 4736440  14948 693580   50    0    86    14  222  154  0  0 100  0  0
 0  0 867304 4736440  14948 693580    0    0     0     6  166  100  0  0 100  0  0
 0  0 867304 4736440  14948 693584    0    0     0     0  191  110  0  0 100  0  0
 0  0 867304 4736440  14956 693584    0    0     0    14  155   94  0  0 100  0  0
procs -----------memory---------- ---swap-- -----io---- -system-- ------cpu-----
 r  b   swpd   free   buff  cache   si   so    bi    bo   in   cs us sy id wa st
 0  0 867304 4736440  14956 693584    0    0     0     8  169   98  0  0 100  0  0
 0  0 867304 4736216  14956 693588    0    0     0     0  185  108  0  0 100  0  0
 0  0 867304 4736216  14964 693584    0    0     0    14  163  103  0  0 100  0  0
 0  0 867304 4736216  14968 693588    0    0     2    10  160   90  0  0 100  0  0
 0  0 867304 4736216  14968 693592    6    0     6     0  207  123  0  0 100  0  0
 0  0 867304 4736216  14976 693584    0    0     0    18  151   92  0  0 100  0  0
 0  0 867304 4736216  14976 693596    0    0     0     8  176  107  0  0 100  0  0
 0  0 867304 4736216  14976 693596    0    0     0     0  184  106  0  0 100  0  0
 0  0 867304 4736216  14984 693588    0    0     0    18  184  109  0  0 100  0  0
 0  0 867304 4736216  14984 693596    0    0     0     6  166   93  0  0 100  0  0
 0  0 867304 4736216  14984 693596    0    0     0     0  174  107  0  0 100  0  0
 0  0 867304 4736216  14992 693592   50    0    50    14  217  149  0  0 100  0  0
 0  0 867304 4736216  14992 693600    0    0     0     8  192  122  0  0 100  0  0
 0  0 867304 4736216  14992 693604    2    0     2     0  204  113  0  0 100  0  0
 0  0 867304 4736280  15000 693604    6    0     6    14  186  119  0  0 100  0  0
 0  0 867304 4736280  15004 693608    0    0     0    10  162  100  0  0 100  0  0
 0  0 867304 4737064  15004 693608    2    0     2     0  191  120  0  0 100  0  0
 0  0 867304 4737308  15012 693600    0    0     0    22  174  115  0  0 100  0  0
 0  0 867304 4737308  15012 693608    0    0     0     6  209  116  0  0 100  0  0
 0  0 867304 4737308  15012 693612    0    0     0     0  194  102  0  0 100  0  0
 0  0 867304 4737308  15020 693604    0    0     0    22  195  110  0  0 100  0  0
procs -----------memory---------- ---swap-- -----io---- -system-- ------cpu-----
 r  b   swpd   free   buff  cache   si   so    bi    bo   in   cs us sy id wa st
 0  0 867304 4737308  15020 693612    0    0     0     8  170   89  0  0 100  0  0
 0  0 867048 4737308  15020 693612   48    0    48     0  216  139  0  0 100  0  0
 0  0 866792 4737308  15028 693616    8    0     8    14  210  153  0  0 100  0  0
 0  0 866792 4737308  15028 693616    0    0     0     8  177   99  0  0 100  0  0
 0  0 866792 4737308  15028 693616    0    0     0     0  180  101  0  0 100  0  0
 0  0 866792 4737308  15036 693608    0    0     0    14  182  110  0  0 100  0  0
 0  0 866792 4737308  15036 693620    0    0     0     8  166   96  0  0 100  0  0
 0  0 866792 4737084  15036 693620    2    0     2     0  188  114  0  0 100  0  0
 0  0 866792 4737084  15044 693612    0    0     0    14  153   98  0  0 100  0  0
 0  0 866792 4737084  15044 693620    0    0     0     6  158   99  0  0 100  0  0
 0  0 866792 4737084  15044 693624    2    0     2     0  188  106  0  0 100  0  0
 0  0 866792 4737084  15052 693624    0    0     0    14  178  109  0  0 100  0  0
 0  0 866792 4737084  15052 693624    0    0     0     8  168   94  0  0 100  0  0
 0  0 866792 4737084  15052 693624    4    0     4     0  197  118  0  0 100  0  0
 0  0 866792 4737084  15060 693616    0    0     0    14  169   99  0  0 100  0  0
 0  0 866792 4737084  15060 693628    0    0     0     8  171   97  0  0 100  0  0
 0  0 866792 4736860  15060 693628    0    0     0     0  183   97  0  0 100  0  0
 0  0 866792 4736860  15068 693620    0    0     0    14  173  105  0  0 100  0  0
 0  0 866792 4736860  15068 693628    0    0     0     6  164   95  0  0 100  0  0
 0  0 866792 4736860  15068 693632    0    0     0     0  182  109  0  0 100  0  0
 0  0 866792 4736636  15076 693632    0    0     0    14  167  101  0  0 100  0  0
procs -----------memory---------- ---swap-- -----io---- -system-- ------cpu-----
 r  b   swpd   free   buff  cache   si   so    bi    bo   in   cs us sy id wa st
 0  0 866792 4736636  15076 693632    0    0     0     8  181  111  0  0 100  0  0
 0  0 866792 4736636  15076 693636   30    0    30     0  219  140  0  0 100  0  0
 0  0 866792 4736636  15084 693636    0    0     0    14  177  114  0  0 100  0  0
 0  0 866792 4736636  15084 693636    0    0     0     8  160   86  0  0 100  0  0
 0  0 866792 4736412  15084 693636    6    0     6     0  200  120  0  0 100  0  0
 0  0 866792 4736412  15092 693628    0    0     0    14  163   99  0  0 100  0  0
 0  0 866792 4736412  15092 693640    0    0     0     6  209  111  0  0 100  0  0
 0  0 866792 4736412  15092 693640    2    0     2     0  188  109  0  0 100  0  0
 0  0 866792 4736444  15100 693632    0    0     0    14  199  108  0  0 100  0  0
 0  0 866792 4736316  15100 693640    2    0     2     8  188  118  0  0 100  0  0
 0  0 866792 4736348  15100 693640    4    0     4     0  203  121  0  0 100  0  0
 0  0 866792 4736348  15108 693644    2    0     2    14  197  149  0  0 100  0  0
 0  0 866792 4736124  15108 693644    0    0     0     8  174  103  0  0 100  0  0
 0  0 866792 4735648  15108 693644    2    0     2     0  173   98  0  0 100  0  0
 0  0 866792 4735648  15116 693636    0    0     0    14  188  118  0  0 100  0  0
 0  0 866792 4735648  15116 693648    0    0     0     8  174  104  0  0 100  0  0
 0  0 866792 4735424  15132 693716   42    0    76    32  215  144  0  0 100  0  0
 0  0 866792 4735424  15132 693720    0    0     0     6  175   98  0  0 100  0  0
 0  0 866792 4735424  15136 693720    0    0     0    10  164   91  0  0 100  0  0
 0  0 866792 4735424  15144 693728    0    0     0    36  225  118  0  0 100  0  0
 0  0 866792 4735424  15144 693728    0    0     0     0  159  101  0  0 100  0  0
procs -----------memory---------- ---swap-- -----io---- -system-- ------cpu-----
 r  b   swpd   free   buff  cache   si   so    bi    bo   in   cs us sy id wa st
 0  0 866792 4735424  15144 693728    0    0     0    34  171   98  0  0 100  0  0
 0  0 866792 4735424  15152 693728    0    0     0    14  191  112  0  0 100  0  0
 0  0 866792 4735424  15152 693732    0    0     0     0  157   90  0  0 100  0  0
 1  0 866792 4735424  15152 693732    0    0     0     8  178  103  0  0 100  0  0
 0  0 866792 4735200  15160 693732    0    0     0    14  180  106  0  0 100  0  0
 0  0 866792 4735200  15160 693732    0    0     0     0  187  109  0  0 100  0  0
 0  0 866792 4735200  15160 693732    0    0     0     6  162   92  0  0 100  0  0
 0  0 866792 4735200  15168 693736    2    0     2    14  193  121  0  0 100  0  0
 0  0 866792 4735200  15168 693736    0    0     0     0  157   87  0  0 100  0  0
 0  0 866792 4734976  15168 693736    0    0     0     8  194  121  0  0 100  0  0
 0  0 866792 4734976  15176 693732    0    0     0    14  208  118  0  0 100  0  0
 0  0 866792 4734976  15176 693740    0    0     0     0  172  102  0  0 100  0  0
 0  0 866792 4734976  15176 693740    0    0     0     8  169   92  0  0 100  0  0
 0  0 866792 4735008  15184 693732    0    0     0    14  185  109  0  0 100  0  0
 0  0 866792 4735008  15184 693740    0    0     0     0  154   86  0  0 100  0  0
 0  0 866792 4735008  15184 693744    0    0     0     8  208  119  0  0 100  0  0
 0  0 866792 4734504  15192 693744    8    0     8    38  274  147  0  0 100  0  0
 0  0 866792 4734504  15192 693744    0    0     0     0  184  105  0  0 100  0  0
 0  0 866792 4734504  15200 693736    0    0     0   130  205  119  0  0 100  0  0
