Linux 6.8.0-90-generic (theredhothabanero) 	14.12.2025 	_x86_64_	(8 CPU)

17:46:49      runq-sz  plist-sz   ldavg-1   ldavg-5  ldavg-15   blocked
17:46:51            0       579      1,10      1,63      1,92         0
17:46:53            0       579      1,01      1,60      1,91         0
17:46:55            1       579      1,01      1,60      1,91         0
17:46:57            1       579      0,93      1,58      1,90         0
17:46:59            1       579      0,93      1,58      1,90         1
17:47:01            1       579      0,93      1,58      1,90         0
17:47:03            1       579      0,86      1,55      1,89         0
17:47:05            1       579      0,86      1,55      1,89         0
17:47:07            1       579      0,79      1,52      1,88         0
17:47:09            1       579      0,79      1,52      1,88         0
17:47:11            1       579      0,79      1,52      1,88         0
17:47:13            1       579      0,72      1,50      1,87         0
17:47:15            1       579      0,72      1,50      1,87         0
17:47:17            1       579      0,67      1,47      1,86         1
17:47:19            1       578      0,67      1,47      1,86         0
17:47:21            1       578      0,67      1,47      1,86         0
17:47:23            1       578      0,69      1,47      1,85         0
17:47:25            1       578      0,69      1,47      1,85         0
17:47:27            1       578      0,64      1,44      1,84         0
17:47:29            1       578      0,64      1,44      1,84         0
17:47:31            1       578      0,64      1,44      1,84         0
17:47:33            1       578      0,59      1,42      1,83         0
17:47:35            1       578      0,59      1,42      1,83         0
17:47:37            1       578      0,54      1,39      1,82         0
17:47:39            1       578      0,54      1,39      1,82         0
17:47:41            1       578      0,54      1,39      1,82         0
17:47:43            1       578      0,50      1,37      1,81         0
17:47:45            1       578      0,50      1,37      1,81         0
17:47:47            1       578      0,46      1,35      1,80         0
17:47:49            1       578      0,46      1,35      1,80         0
17:47:51            1       578      0,46      1,35      1,80         0
17:47:53            1       578      0,42      1,32      1,79         0
17:47:55            1       578      0,42      1,32      1,79         0
17:47:57            1       578      0,39      1,30      1,78         0
17:47:59            1       578      0,39      1,30      1,78         0
17:48:01            1       578      0,39      1,30      1,78         0
17:48:03            1       578      0,35      1,28      1,77         0
17:48:05            1       578      0,35      1,28      1,77         0
17:48:07            1       578      0,33      1,26      1,76         0
17:48:09            1       578      0,33      1,26      1,76         0
17:48:11            1       578      0,33      1,26      1,76         0
17:48:13            1       578      0,30      1,24      1,75         0
17:48:15            1       578      0,30      1,24      1,75         0
17:48:17            1       578      0,27      1,22      1,74         0
17:48:19            1       578      0,27      1,22      1,74         0
17:48:21            1       578      0,27      1,22      1,74         0
17:48:23            1       577      0,25      1,20      1,73         0
17:48:25            1       577      0,25      1,20      1,73         0
17:48:27            1       577      0,23      1,18      1,72         0
17:48:29            1       577      0,23      1,18      1,72         0
17:48:31            1       577      0,23      1,18      1,72         0
17:48:33            1       577      0,21      1,16      1,71         0
17:48:35            1       577      0,21      1,16      1,71         0
17:48:37            1       577      0,20      1,14      1,70         0
17:48:39            1       577      0,20      1,14      1,70         0
17:48:41            1       577      0,20      1,14      1,70         0
17:48:43            1       577      0,18      1,12      1,69         0
17:48:45            1       577      0,18      1,12      1,69         0
17:48:47            1       577      0,16      1,10      1,68         0
17:48:49            1       577      0,16      1,10      1,68         0
17:48:51            1       577      0,16      1,10      1,68         0
17:48:53            1       577      0,15      1,08      1,68         0
17:48:55            1       577      0,15      1,08      1,68         0
17:48:57            1       577      0,14      1,06      1,67         0
17:48:59            1       577      0,14      1,06      1,67         0
17:49:01            1       577      0,14      1,06      1,67         0
17:49:03            1       577      0,13      1,04      1,66         0
17:49:05            1       577      0,13      1,04      1,66         0
17:49:07            1       577      0,12      1,03      1,65         0
17:49:09            1       577      0,12      1,03      1,65         0
17:49:11            1       577      0,12      1,03      1,65         0
17:49:13            1       577      0,11      1,01      1,64         0
17:49:15            2       580      0,11      1,01      1,64         0
17:49:17            1       587      0,26      1,03      1,64         0
17:49:19            1       587      0,26      1,03      1,64         0
17:49:21            1       588      0,26      1,03      1,64         0
17:49:23            2       582      0,24      1,01      1,63         0
17:49:25            2       583      0,24      1,01      1,63         0
17:49:27            1       579      0,30      1,01      1,63         0
17:49:29            2       579      0,30      1,01      1,63         0
17:49:31            1       579      0,30      1,01      1,63         0
17:49:33            1       579      0,28      0,99      1,62         0
17:49:35            1       579      0,28      0,99      1,62         0
17:49:37            1       579      0,25      0,97      1,61         0
17:49:39            1       579      0,25      0,97      1,61         0
17:49:41            1       579      0,25      0,97      1,61         0
17:49:43            1       579      0,23      0,96      1,60         0
17:49:45            1       579      0,23      0,96      1,60         0
17:49:47            1       579      0,21      0,94      1,59         0
17:49:49            1       579      0,21      0,94      1,59         0
17:49:51            1       579      0,21      0,94      1,59         0
17:49:53            1       579      0,20      0,93      1,58         0
17:49:55            1       579      0,20      0,93      1,58         0
17:49:57            1       579      0,18      0,91      1,57         0
17:49:59            1       579      0,18      0,91      1,57         0
17:50:01            1       579      0,18      0,91      1,57         0
17:50:03            1       579      0,25      0,91      1,57         0
17:50:05            1       579      0,25      0,91      1,57         0
17:50:07            1       579      0,23      0,90      1,56         0
17:50:09            1       580      0,23      0,90      1,56         0
17:50:11            1       579      0,23      0,90      1,56         0
17:50:13            1       579      0,21      0,88      1,55         0
17:50:15            1       579      0,21      0,88      1,55         0
17:50:17            1       579      0,19      0,87      1,54         0
17:50:19            1       579      0,19      0,87      1,54         0
17:50:21            1       579      0,19      0,87      1,54         0
17:50:23            2       579      0,17      0,85      1,54         0
17:50:25            1       579      0,17      0,85      1,54         0
17:50:27            1       579      0,16      0,84      1,53         0
17:50:29            1       579      0,16      0,84      1,53         0
17:50:31            1       579      0,16      0,84      1,53         0
17:50:33            1       579      0,15      0,82      1,52         0
17:50:35            1       579      0,15      0,82      1,52         0
17:50:37            1       579      0,14      0,81      1,51         0
17:50:39            1       579      0,14      0,81      1,51         0
17:50:41            1       579      0,14      0,81      1,51         0
17:50:43            1       579      0,12      0,80      1,50         0
17:50:45            1       579      0,12      0,80      1,50         0
17:50:47            1       579      0,11      0,78      1,50         0
17:50:49            1       579      0,11      0,78      1,50         0
17:50:51            1       579      0,11      0,78      1,50         0
17:50:53            2       579      0,10      0,77      1,49         0
17:50:55            1       579      0,10      0,77      1,49         0
17:50:57            1       579      0,10      0,76      1,48         0
17:50:59            1       579      0,10      0,76      1,48         1
17:51:01            1       579      0,10      0,76      1,48         0
17:51:03            1       579      0,09      0,74      1,47         0
17:51:05            1       579      0,09      0,74      1,47         0
17:51:07            1       579      0,08      0,73      1,46         0
17:51:09            2       579      0,08      0,73      1,46         0
17:51:11            1       579      0,08      0,73      1,46         0
17:51:13            1       579      0,15      0,74      1,46         0
17:51:15            1       579      0,15      0,74      1,46         0
17:51:17            2       579      0,14      0,72      1,45         0
17:51:19            1       579      0,14      0,72      1,45         0
17:51:21            1       579      0,14      0,72      1,45         0
17:51:23            1       579      0,13      0,71      1,44         0
17:51:25            1       579      0,13      0,71      1,44         0
17:51:27            1       579      0,12      0,70      1,43         0
17:51:29            1       579      0,12      0,70      1,43         0
17:51:31            1       579      0,12      0,70      1,43         0
17:51:33            1       579      0,11      0,69      1,43         0
17:51:35            1       579      0,11      0,69      1,43         0
17:51:37            1       579      0,10      0,68      1,42         0
17:51:39            2       579      0,10      0,68      1,42         0
17:51:41            1       579      0,10      0,68      1,42         0
17:51:43            1       579      0,09      0,66      1,41         0
17:51:45            1       579      0,09      0,66      1,41         0
17:51:47            1       580      0,08      0,65      1,40         0
17:51:49            1       580      0,08      0,65      1,40         0
17:51:51            1       580      0,08      0,65      1,40         0
17:51:53            1       580      0,08      0,64      1,40         0
17:51:55            1       580      0,08      0,64      1,40         0
17:51:57            1       580      0,07      0,63      1,39         0
17:51:59            1       580      0,07      0,63      1,39         0
17:52:01            1       580      0,07      0,63      1,39         0
17:52:03            1       579      0,07      0,62      1,38         0
17:52:05            1       579      0,07      0,62      1,38         0
17:52:07            1       579      0,06      0,61      1,37         0
17:52:09            1       579      0,06      0,61      1,37         0
17:52:11            1       579      0,06      0,61      1,37         0
17:52:13            1       579      0,06      0,60      1,36         0
17:52:15            1       579      0,06      0,60      1,36         0
17:52:17            1       579      0,05      0,59      1,36         0
17:52:19            1       579      0,05      0,59      1,36         0
17:52:21            1       579      0,05      0,59      1,36         0
17:52:23            1       579      0,05      0,58      1,35         0
17:52:25            1       579      0,05      0,58      1,35         0
17:52:27            2       579      0,04      0,57      1,34         0
17:52:29            1       579      0,04      0,57      1,34         0
17:52:31            1       579      0,04      0,57      1,34         0
17:52:33            1       579      0,04      0,56      1,33         0
17:52:35            1       579      0,04      0,56      1,33         0
17:52:37            1       579      0,04      0,55      1,33         0
17:52:39            1       579      0,04      0,55      1,33         0
17:52:41            1       579      0,04      0,55      1,33         0
17:52:43            1       579      0,03      0,54      1,32         0
17:52:45            1       579      0,03      0,54      1,32         0
17:52:47            1       580      0,03      0,53      1,31         0
17:52:49            1       580      0,03      0,53      1,31         0
17:52:51            1       580      0,03      0,53      1,31         0
17:52:53            1       580      0,03      0,52      1,31         0
17:52:55            1       580      0,03      0,52      1,31         0
17:52:57            1       580      0,02      0,51      1,30         0
17:52:59            1       580      0,02      0,51      1,30         0
17:53:01            1       580      0,02      0,51      1,30         0
17:53:03            1       580      0,02      0,50      1,29         0
17:53:05            1       580      0,02      0,50      1,29         0
17:53:07            1       580      0,02      0,50      1,28         0
17:53:09            1       580      0,02      0,50      1,28         0
17:53:11            1       580      0,02      0,50      1,28         0
17:53:13            1       580      0,02      0,49      1,28         0
17:53:15            1       580      0,02      0,49      1,28         0
17:53:17            1       580      0,02      0,48      1,27         0
17:53:19            1       580      0,02      0,48      1,27         0
17:53:21            1       580      0,02      0,48      1,27         0
17:53:23            1       580      0,02      0,47      1,26         0
17:53:25            1       580      0,02      0,47      1,26         0
17:53:27            1       580      0,01      0,46      1,26         0
17:53:29            1       580      0,01      0,46      1,26         0
17:53:31            1       580      0,01      0,46      1,26         0
17:53:33            1       580      0,01      0,45      1,25         0
17:53:35            1       580      0,01      0,45      1,25         0
17:53:37            1       580      0,01      0,45      1,24         0
17:53:39            1       580      0,01      0,45      1,24         0
17:53:41            1       580      0,01      0,45      1,24         0
17:53:43            1       580      0,01      0,44      1,23         0
17:53:45            1       580      0,01      0,44      1,23         0
17:53:47            1       580      0,01      0,43      1,23         0
17:53:49            1       580      0,01      0,43      1,23         0
17:53:51            1       580      0,01      0,43      1,23         0
17:53:53            1       580      0,01      0,42      1,22         0
17:53:55            1       580      0,01      0,42      1,22         0
17:53:57            1       580      0,01      0,42      1,21         0
17:53:59            1       580      0,01      0,42      1,21         0
17:54:01            1       580      0,01      0,42      1,21         0
17:54:03            1       580      0,01      0,41      1,21         0
17:54:05            1       580      0,01      0,41      1,21         1
17:54:07            1       580      0,01      0,40      1,20         0
17:54:09            1       580      0,01      0,40      1,20         0
17:54:11            1       580      0,01      0,40      1,20         0
17:54:13            1       580      0,00      0,40      1,19         0
17:54:15            1       580      0,00      0,40      1,19         0
17:54:17            1       580      0,00      0,39      1,19         0
17:54:19            1       580      0,00      0,39      1,19         0
17:54:21            1       580      0,00      0,39      1,19         0
17:54:23            1       580      0,00      0,38      1,18         0
17:54:25            1       580      0,00      0,38      1,18         0
17:54:27            1       580      0,00      0,38      1,17         0
17:54:29            1       577      0,00      0,38      1,17         0
17:54:31            1       577      0,00      0,38      1,17         0
17:54:33            1       577      0,00      0,37      1,17         0
17:54:35            1       577      0,00      0,37      1,17         0
17:54:37            1       577      0,00      0,36      1,16         0
17:54:39            1       577      0,00      0,36      1,16         0
17:54:41            1       577      0,00      0,36      1,16         0
17:54:43            1       577      0,00      0,36      1,15         0
17:54:45            1       577      0,00      0,36      1,15         0
17:54:47            1       577      0,00      0,35      1,15         0
17:54:49            1       577      0,00      0,35      1,15         0
17:54:51            1       577      0,00      0,35      1,15         0
17:54:53            1       577      0,00      0,34      1,14         0
17:54:55            1       577      0,00      0,34      1,14         0
17:54:57            1       577      0,00      0,34      1,14         0
17:54:59            1       577      0,00      0,34      1,14         0
17:55:01            1       577      0,00      0,34      1,14         0
17:55:03            1       577      0,00      0,33      1,13         0
17:55:05            1       577      0,00      0,33      1,13         0
17:55:07            1       578      0,00      0,33      1,12         0
17:55:09            1       577      0,00      0,33      1,12         0
Среднее:         1       579      0,19      0,82      1,49         0
