Linux 6.8.0-90-generic (theredhothabanero) 	14.12.2025 	_x86_64_	(8 CPU)

17:55:14      runq-sz  plist-sz   ldavg-1   ldavg-5  ldavg-15   blocked
17:55:24            1       579      0,00      0,31      1,10         0
17:55:34            1       579      0,00      0,30      1,09         0
17:55:44            1       578      0,00      0,29      1,08         0
17:55:54            1       578      0,00      0,28      1,07         0
17:56:04            1       578      0,00      0,27      1,06         0
17:56:14            1       578      0,00      0,26      1,04         0
17:56:24            1       578      0,00      0,25      1,03         0
17:56:34            1       578      0,00      0,24      1,02         0
17:56:44            1       578      0,00      0,23      1,01         0
17:56:54            1       578      0,00      0,23      1,00         0
17:57:04            1       578      0,00      0,22      0,99         0
17:57:14            1       578      0,00      0,21      0,98         0
17:57:24            1       578      0,00      0,20      0,96         0
17:57:34            1       578      0,00      0,20      0,95         0
17:57:44            1       578      0,00      0,19      0,94         0
17:57:54            1       578      0,00      0,18      0,93         0
17:58:04            1       578      0,00      0,18      0,92         0
17:58:14            1       578      0,00      0,17      0,91         0
17:58:24            1       578      0,00      0,16      0,90         0
17:58:34            1       578      0,00      0,16      0,89         0
17:58:44            1       578      0,00      0,15      0,88         0
17:58:54            1       578      0,00      0,15      0,87         0
17:59:04            1       578      0,00      0,14      0,86         0
17:59:14            1       578      0,00      0,14      0,85         0
17:59:24            1       578      0,00      0,13      0,84         0
17:59:34            1       578      0,00      0,13      0,83         0
17:59:44            1       578      0,00      0,12      0,82         0
17:59:54            1       578      0,00      0,12      0,81         0
18:00:04            1       578      0,00      0,11      0,80         0
18:00:14            1       577      0,00      0,11      0,80         0
18:00:24            1       577      0,00      0,10      0,79         0
18:00:34            1       577      0,00      0,10      0,78         0
18:00:44            1       577      0,00      0,10      0,77         0
18:00:54            1       577      0,00      0,09      0,76         0
18:01:04            1       577      0,00      0,09      0,75         0
18:01:14            1       577      0,00      0,09      0,74         0
18:01:24            1       577      0,00      0,08      0,73         0
18:01:34            1       577      0,00      0,08      0,73         0
18:01:44            1       577      0,00      0,08      0,72         0
18:01:54            1       578      0,00      0,07      0,71         0
18:02:04            1       577      0,00      0,07      0,70         0
18:02:14            1       577      0,00      0,07      0,69         0
18:02:24            1       577      0,00      0,07      0,69         0
18:02:34            1       577      0,00      0,06      0,68         0
18:02:44            1       577      0,00      0,06      0,67         0
18:02:54            1       577      0,00      0,06      0,66         0
18:03:04            1       577      0,00      0,06      0,66         0
18:03:14            1       577      0,00      0,05      0,65         0
18:03:24            1       577      0,00      0,05      0,64         0
18:03:34            1       577      0,00      0,05      0,63         0
18:03:44            2       577      0,00      0,05      0,63         0
18:03:54            2       577      0,00      0,05      0,62         0
18:04:04            1       577      0,00      0,04      0,61         0
18:04:14            2       577      0,00      0,04      0,60         0
18:04:24            1       577      0,00      0,04      0,60         0
18:04:34            2       577      0,00      0,04      0,59         0
18:04:44            1       577      0,00      0,04      0,58         0
18:04:54            2       577      0,00      0,03      0,58         0
18:05:04            2       577      0,00      0,03      0,57         0
18:05:14            1       578      0,00      0,03      0,56         0
18:05:24            1       578      0,00      0,03      0,56         0
18:05:34            1       578      0,00      0,03      0,55         0
18:05:44            1       578      0,00      0,03      0,54         0
18:05:54            1       578      0,00      0,03      0,54         0
18:06:04            1       578      0,00      0,02      0,53         0
18:06:14            1       578      0,00      0,02      0,53         0
18:06:24            1       578      0,00      0,02      0,52         0
18:06:34            1       578      0,00      0,02      0,51         0
18:06:44            1       578      0,00      0,02      0,51         0
18:06:54            1       578      0,00      0,02      0,50         0
18:07:04            1       578      0,00      0,02      0,50         0
18:07:14            1       578      0,00      0,02      0,49         0
18:07:24            1       578      0,00      0,02      0,48         0
18:07:34            1       578      0,00      0,02      0,48         0
18:07:44            1       578      0,00      0,01      0,47         0
18:07:54            1       578      0,00      0,01      0,47         0
18:08:04            1       578      0,00      0,01      0,46         0
18:08:14            1       578      0,08      0,03      0,46         0
18:08:24            1       578      0,07      0,03      0,46         0
18:08:34            1       578      0,06      0,03      0,45         0
18:08:44            1       578      0,05      0,03      0,45         0
18:08:54            1       578      0,04      0,02      0,44         0
18:09:04            1       578      0,03      0,02      0,44         0
18:09:14            1       578      0,03      0,02      0,43         0
18:09:24            1       578      0,02      0,02      0,43         0
18:09:34            1       578      0,02      0,02      0,42         0
18:09:44            1       578      0,02      0,02      0,42         0
18:09:54            1       578      0,01      0,02      0,41         0
18:10:04            1       578      0,01      0,02      0,41         0
18:10:14            1       578      0,01      0,02      0,40         0
18:10:24            1       577      0,01      0,02      0,40         0
18:10:34            1       577      0,00      0,02      0,39         0
18:10:44            1       577      0,00      0,01      0,39         0
18:10:54            1       577      0,00      0,01      0,38         0
18:11:04            1       577      0,00      0,01      0,38         0
18:11:14            1       577      0,00      0,01      0,37         0
18:11:24            1       577      0,00      0,01      0,37         0
18:11:34            1       577      0,00      0,01      0,36         0
18:11:44            1       577      0,00      0,01      0,36         0
18:11:54            1       577      0,00      0,01      0,35         0
Среднее:         1       578      0,00      0,08      0,66         0
