Linux 6.8.0-90-generic (theredhothabanero) 	14.12.2025 	_x86_64_	(8 CPU)

17:55:14     CPU    %usr   %nice    %sys %iowait    %irq   %soft  %steal  %guest  %gnice   %idle
17:55:24     all    0,06    0,00    0,14    0,03    0,00    0,00    0,00    0,00    0,00   99,77
17:55:24       0    0,00    0,00    0,10    0,00    0,00    0,00    0,00    0,00    0,00   99,90
17:55:24       1    0,10    0,00    0,30    0,00    0,00    0,00    0,00    0,00    0,00   99,60
17:55:24       2    0,00    0,00    0,10    0,20    0,00    0,00    0,00    0,00    0,00   99,70
17:55:24       3    0,00    0,00    0,00    0,00    0,00    0,00    0,00    0,00    0,00  100,00
17:55:24       4    0,00    0,00    0,00    0,00    0,00    0,00    0,00    0,00    0,00  100,00
17:55:24       5    0,20    0,00    0,10    0,00    0,00    0,00    0,00    0,00    0,00   99,70
17:55:24       6    0,00    0,00    0,10    0,00    0,00    0,00    0,00    0,00    0,00   99,90
17:55:24       7    0,20    0,00    0,40    0,00    0,00    0,00    0,00    0,00    0,00   99,40

17:55:24     CPU    %usr   %nice    %sys %iowait    %irq   %soft  %steal  %guest  %gnice   %idle
17:55:34     all    0,05    0,00    0,11    0,04    0,00    0,00    0,00    0,00    0,00   99,80
17:55:34       0    0,00    0,00    0,00    0,00    0,00    0,00    0,00    0,00    0,00  100,00
17:55:34       1    0,10    0,00    0,60    0,10    0,00    0,00    0,00    0,00    0,00   99,20
17:55:34       2    0,00    0,00    0,00    0,20    0,00    0,00    0,00    0,00    0,00   99,80
17:55:34       3    0,00    0,00    0,00    0,00    0,00    0,00    0,00    0,00    0,00  100,00
17:55:34       4    0,00    0,00    0,10    0,00    0,00    0,00    0,00    0,00    0,00   99,90
17:55:34       5    0,20    0,00    0,10    0,00    0,00    0,00    0,00    0,00    0,00   99,70
17:55:34       6    0,00    0,00    0,00    0,00    0,00    0,00    0,00    0,00    0,00  100,00
17:55:34       7    0,10    0,00    0,10    0,00    0,00    0,00    0,00    0,00    0,00   99,80

17:55:34     CPU    %usr   %nice    %sys %iowait    %irq   %soft  %steal  %guest  %gnice   %idle
17:55:44     all    0,04    0,00    0,13    0,03    0,00    0,00    0,00    0,00    0,00   99,81
17:55:44       0    0,00    0,00    0,10    0,00    0,00    0,00    0,00    0,00    0,00   99,90
17:55:44       1    0,20    0,00    0,50    0,00    0,00    0,00    0,00    0,00    0,00   99,30
17:55:44       2    0,00    0,00    0,00    0,10    0,00    0,00    0,00    0,00    0,00   99,90
17:55:44       3    0,00    0,00    0,00    0,00    0,00    0,00    0,00    0,00    0,00  100,00
17:55:44       4    0,00    0,00    0,00    0,00    0,00    0,00    0,00    0,00    0,00  100,00
17:55:44       5    0,10    0,00    0,10    0,10    0,00    0,00    0,00    0,00    0,00   99,70
17:55:44       6    0,00    0,00    0,10    0,00    0,00    0,00    0,00    0,00    0,00   99,90
17:55:44       7    0,00    0,00    0,20    0,00    0,00    0,00    0,00    0,00    0,00   99,80

17:55:44     CPU    %usr   %nice    %sys %iowait    %irq   %soft  %steal  %guest  %gnice   %idle
17:55:54     all    0,06    0,00    0,11    0,01    0,00    0,00    0,00    0,00    0,00   99,81
17:55:54       0    0,00    0,00    0,00    0,00    0,00    0,00    0,00    0,00    0,00  100,00
17:55:54       1    0,10    0,00    0,50    0,00    0,00    0,00    0,00    0,00    0,00   99,40
17:55:54       2    0,10    0,00    0,00    0,10    0,00    0,00    0,00    0,00    0,00   99,80
17:55:54       3    0,00    0,00    0,00    0,00    0,00    0,00    0,00    0,00    0,00  100,00
17:55:54       4    0,10    0,00    0,00    0,00    0,00    0,00    0,00    0,00    0,00   99,90
17:55:54       5    0,10    0,00    0,00    0,00    0,00    0,00    0,00    0,00    0,00   99,90
17:55:54       6    0,00    0,00    0,10    0,00    0,00    0,00    0,00    0,00    0,00   99,90
17:55:54       7    0,10    0,00    0,30    0,00    0,00    0,00    0,00    0,00    0,00   99,60

17:55:54     CPU    %usr   %nice    %sys %iowait    %irq   %soft  %steal  %guest  %gnice   %idle
17:56:04     all    0,03    0,00    0,10    0,04    0,00    0,00    0,00    0,00    0,00   99,84
17:56:04       0    0,00    0,00    0,00    0,00    0,00    0,00    0,00    0,00    0,00  100,00
17:56:04       1    0,10    0,00    0,30    0,10    0,00    0,00    0,00    0,00    0,00   99,50
17:56:04       2    0,00    0,00    0,10    0,20    0,00    0,00    0,00    0,00    0,00   99,70
17:56:04       3    0,00    0,00    0,00    0,00    0,00    0,00    0,00    0,00    0,00  100,00
17:56:04       4    0,00    0,00    0,10    0,00    0,00    0,00    0,00    0,00    0,00   99,90
17:56:04       5    0,00    0,00    0,00    0,00    0,00    0,00    0,00    0,00    0,00  100,00
17:56:04       6    0,10    0,00    0,10    0,00    0,00    0,00    0,00    0,00    0,00   99,80
17:56:04       7    0,00    0,00    0,20    0,00    0,00    0,00    0,00    0,00    0,00   99,80

17:56:04     CPU    %usr   %nice    %sys %iowait    %irq   %soft  %steal  %guest  %gnice   %idle
17:56:14     all    0,04    0,00    0,01    0,03    0,00    0,00    0,00    0,00    0,00   99,92
17:56:14       0    0,00    0,00    0,00    0,10    0,00    0,00    0,00    0,00    0,00   99,90
17:56:14       1    0,00    0,00    0,00    0,00    0,00    0,00    0,00    0,00    0,00  100,00
17:56:14       2    0,00    0,00    0,00    0,10    0,00    0,00    0,00    0,00    0,00   99,90
17:56:14       3    0,00    0,00    0,00    0,00    0,00    0,00    0,00    0,00    0,00  100,00
17:56:14       4    0,00    0,00    0,00    0,00    0,00    0,00    0,00    0,00    0,00  100,00
17:56:14       5    0,10    0,00    0,00    0,00    0,00    0,00    0,00    0,00    0,00   99,90
17:56:14       6    0,00    0,00    0,10    0,00    0,00    0,00    0,00    0,00    0,00   99,90
17:56:14       7    0,20    0,00    0,00    0,00    0,00    0,00    0,00    0,00    0,00   99,80

17:56:14     CPU    %usr   %nice    %sys %iowait    %irq   %soft  %steal  %guest  %gnice   %idle
17:56:24     all    0,00    0,00    0,03    0,05    0,00    0,01    0,00    0,00    0,00   99,91
17:56:24       0    0,00    0,00    0,10    0,00    0,00    0,00    0,00    0,00    0,00   99,90
17:56:24       1    0,00    0,00    0,00    0,00    0,00    0,00    0,00    0,00    0,00  100,00
17:56:24       2    0,00    0,00    0,10    0,20    0,00    0,00    0,00    0,00    0,00   99,70
17:56:24       3    0,00    0,00    0,00    0,00    0,00    0,00    0,00    0,00    0,00  100,00
17:56:24       4    0,00    0,00    0,00    0,00    0,00    0,00    0,00    0,00    0,00  100,00
17:56:24       5    0,00    0,00    0,00    0,20    0,00    0,00    0,00    0,00    0,00   99,80
17:56:24       6    0,00    0,00    0,00    0,00    0,00    0,00    0,00    0,00    0,00  100,00
17:56:24       7    0,00    0,00    0,00    0,00    0,00    0,10    0,00    0,00    0,00   99,90

17:56:24     CPU    %usr   %nice    %sys %iowait    %irq   %soft  %steal  %guest  %gnice   %idle
17:56:34     all    0,00    0,00    0,01    0,03    0,00    0,00    0,00    0,00    0,00   99,96
17:56:34       0    0,00    0,00    0,00    0,00    0,00    0,00    0,00    0,00    0,00  100,00
17:56:34       1    0,00    0,00    0,00    0,00    0,00    0,00    0,00    0,00    0,00  100,00
17:56:34       2    0,00    0,00    0,00    0,10    0,00    0,00    0,00    0,00    0,00   99,90
17:56:34       3    0,00    0,00    0,00    0,00    0,00    0,00    0,00    0,00    0,00  100,00
17:56:34       4    0,00    0,00    0,00    0,00    0,00    0,00    0,00    0,00    0,00  100,00
17:56:34       5    0,00    0,00    0,00    0,10    0,00    0,00    0,00    0,00    0,00   99,90
17:56:34       6    0,00    0,00    0,10    0,00    0,00    0,00    0,00    0,00    0,00   99,90
17:56:34       7    0,00    0,00    0,00    0,00    0,00    0,00    0,00    0,00    0,00  100,00

17:56:34     CPU    %usr   %nice    %sys %iowait    %irq   %soft  %steal  %guest  %gnice   %idle
17:56:44     all    0,03    0,00    0,01    0,03    0,00    0,00    0,00    0,00    0,00   99,94
17:56:44       0    0,00    0,00    0,00    0,00    0,00    0,00    0,00    0,00    0,00  100,00
17:56:44       1    0,10    0,00    0,00    0,00    0,00    0,00    0,00    0,00    0,00   99,90
17:56:44       2    0,10    0,00    0,10    0,20    0,00    0,00    0,00    0,00    0,00   99,60
17:56:44       3    0,00    0,00    0,00    0,00    0,00    0,00    0,00    0,00    0,00  100,00
17:56:44       4    0,00    0,00    0,00    0,00    0,00    0,00    0,00    0,00    0,00  100,00
17:56:44       5    0,00    0,00    0,00    0,00    0,00    0,00    0,00    0,00    0,00  100,00
17:56:44       6    0,00    0,00    0,00    0,00    0,00    0,00    0,00    0,00    0,00  100,00
17:56:44       7    0,00    0,00    0,00    0,00    0,00    0,00    0,00    0,00    0,00  100,00

17:56:44     CPU    %usr   %nice    %sys %iowait    %irq   %soft  %steal  %guest  %gnice   %idle
17:56:54     all    0,03    0,00    0,03    0,03    0,00    0,00    0,00    0,00    0,00   99,92
17:56:54       0    0,10    0,00    0,00    0,00    0,00    0,00    0,00    0,00    0,00   99,90
17:56:54       1    0,00    0,00    0,00    0,20    0,00    0,00    0,00    0,00    0,00   99,80
17:56:54       2    0,10    0,00    0,10    0,00    0,00    0,00    0,00    0,00    0,00   99,80
17:56:54       3    0,00    0,00    0,00    0,00    0,00    0,00    0,00    0,00    0,00  100,00
17:56:54       4    0,00    0,00    0,00    0,00    0,00    0,00    0,00    0,00    0,00  100,00
17:56:54       5    0,00    0,00    0,00    0,00    0,00    0,00    0,00    0,00    0,00  100,00
17:56:54       6    0,00    0,00    0,00    0,00    0,00    0,00    0,00    0,00    0,00  100,00
17:56:54       7    0,00    0,00    0,10    0,00    0,00    0,00    0,00    0,00    0,00   99,90

17:56:54     CPU    %usr   %nice    %sys %iowait    %irq   %soft  %steal  %guest  %gnice   %idle
17:57:04     all    0,00    0,00    0,04    0,04    0,00    0,00    0,00    0,00    0,00   99,92
17:57:04       0    0,00    0,00    0,00    0,00    0,00    0,00    0,00    0,00    0,00  100,00
17:57:04       1    0,00    0,00    0,10    0,20    0,00    0,00    0,00    0,00    0,00   99,70
17:57:04       2    0,00    0,00    0,10    0,00    0,00    0,00    0,00    0,00    0,00   99,90
17:57:04       3    0,00    0,00    0,00    0,00    0,00    0,00    0,00    0,00    0,00  100,00
17:57:04       4    0,00    0,00    0,00    0,00    0,00    0,00    0,00    0,00    0,00  100,00
17:57:04       5    0,00    0,00    0,00    0,10    0,00    0,00    0,00    0,00    0,00   99,90
17:57:04       6    0,00    0,00    0,10    0,00    0,00    0,00    0,00    0,00    0,00   99,90
17:57:04       7    0,00    0,00    0,00    0,00    0,00    0,00    0,00    0,00    0,00  100,00

17:57:04     CPU    %usr   %nice    %sys %iowait    %irq   %soft  %steal  %guest  %gnice   %idle
17:57:14     all    0,03    0,00    0,05    0,03    0,00    0,00    0,00    0,00    0,00   99,90
17:57:14       0    0,00    0,00    0,10    0,00    0,00    0,00    0,00    0,00    0,00   99,90
17:57:14       1    0,00    0,00    0,00    0,10    0,00    0,00    0,00    0,00    0,00   99,90
17:57:14       2    0,00    0,00    0,00    0,00    0,00    0,00    0,00    0,00    0,00  100,00
17:57:14       3    0,00    0,00    0,00    0,00    0,00    0,00    0,00    0,00    0,00  100,00
17:57:14       4    0,00    0,00    0,10    0,00    0,00    0,00    0,00    0,00    0,00   99,90
17:57:14       5    0,00    0,00    0,10    0,10    0,00    0,00    0,00    0,00    0,00   99,80
17:57:14       6    0,00    0,00    0,00    0,00    0,00    0,00    0,00    0,00    0,00  100,00
17:57:14       7    0,20    0,00    0,10    0,00    0,00    0,00    0,00    0,00    0,00   99,70

17:57:14     CPU    %usr   %nice    %sys %iowait    %irq   %soft  %steal  %guest  %gnice   %idle
17:57:24     all    0,01    0,00    0,04    0,01    0,00    0,00    0,00    0,00    0,00   99,94
17:57:24       0    0,00    0,00    0,00    0,00    0,00    0,00    0,00    0,00    0,00  100,00
17:57:24       1    0,00    0,00    0,00    0,10    0,00    0,00    0,00    0,00    0,00   99,90
17:57:24       2    0,10    0,00    0,10    0,00    0,00    0,00    0,00    0,00    0,00   99,80
17:57:24       3    0,00    0,00    0,10    0,00    0,00    0,00    0,00    0,00    0,00   99,90
17:57:24       4    0,00    0,00    0,00    0,00    0,00    0,00    0,00    0,00    0,00  100,00
17:57:24       5    0,00    0,00    0,00    0,00    0,00    0,00    0,00    0,00    0,00  100,00
17:57:24       6    0,00    0,00    0,10    0,00    0,00    0,00    0,00    0,00    0,00   99,90
17:57:24       7    0,00    0,00    0,00    0,00    0,00    0,00    0,00    0,00    0,00  100,00

17:57:24     CPU    %usr   %nice    %sys %iowait    %irq   %soft  %steal  %guest  %gnice   %idle
17:57:34     all    0,00    0,00    0,01    0,03    0,00    0,00    0,00    0,00    0,00   99,96
17:57:34       0    0,00    0,00    0,00    0,00    0,00    0,00    0,00    0,00    0,00  100,00
17:57:34       1    0,00    0,00    0,00    0,20    0,00    0,00    0,00    0,00    0,00   99,80
17:57:34       2    0,00    0,00    0,10    0,00    0,00    0,00    0,00    0,00    0,00   99,90
17:57:34       3    0,00    0,00    0,00    0,00    0,00    0,00    0,00    0,00    0,00  100,00
17:57:34       4    0,00    0,00    0,00    0,00    0,00    0,00    0,00    0,00    0,00  100,00
17:57:34       5    0,00    0,00    0,00    0,00    0,00    0,00    0,00    0,00    0,00  100,00
17:57:34       6    0,00    0,00    0,00    0,00    0,00    0,00    0,00    0,00    0,00  100,00
17:57:34       7    0,00    0,00    0,00    0,00    0,00    0,00    0,00    0,00    0,00  100,00

17:57:34     CPU    %usr   %nice    %sys %iowait    %irq   %soft  %steal  %guest  %gnice   %idle
17:57:44     all    0,00    0,00    0,00    0,03    0,00    0,00    0,00    0,00    0,00   99,97
17:57:44       0    0,00    0,00    0,00    0,00    0,00    0,00    0,00    0,00    0,00  100,00
17:57:44       1    0,00    0,00    0,00    0,20    0,00    0,00    0,00    0,00    0,00   99,80
17:57:44       2    0,00    0,00    0,00    0,00    0,00    0,00    0,00    0,00    0,00  100,00
17:57:44       3    0,00    0,00    0,00    0,00    0,00    0,00    0,00    0,00    0,00  100,00
17:57:44       4    0,00    0,00    0,00    0,00    0,00    0,00    0,00    0,00    0,00  100,00
17:57:44       5    0,00    0,00    0,00    0,00    0,00    0,00    0,00    0,00    0,00  100,00
17:57:44       6    0,00    0,00    0,00    0,00    0,00    0,00    0,00    0,00    0,00  100,00
17:57:44       7    0,00    0,00    0,00    0,00    0,00    0,00    0,00    0,00    0,00  100,00

17:57:44     CPU    %usr   %nice    %sys %iowait    %irq   %soft  %steal  %guest  %gnice   %idle
17:57:54     all    0,04    0,00    0,04    0,01    0,00    0,00    0,00    0,00    0,00   99,91
17:57:54       0    0,00    0,00    0,10    0,00    0,00    0,00    0,00    0,00    0,00   99,90
17:57:54       1    0,00    0,00    0,00    0,10    0,00    0,00    0,00    0,00    0,00   99,90
17:57:54       2    0,00    0,00    0,10    0,00    0,00    0,00    0,00    0,00    0,00   99,90
17:57:54       3    0,10    0,00    0,00    0,00    0,00    0,00    0,00    0,00    0,00   99,90
17:57:54       4    0,00    0,00    0,00    0,00    0,00    0,00    0,00    0,00    0,00  100,00
17:57:54       5    0,00    0,00    0,00    0,00    0,00    0,00    0,00    0,00    0,00  100,00
17:57:54       6    0,10    0,00    0,10    0,00    0,00    0,00    0,00    0,00    0,00   99,80
17:57:54       7    0,10    0,00    0,00    0,00    0,00    0,00    0,00    0,00    0,00   99,90

17:57:54     CPU    %usr   %nice    %sys %iowait    %irq   %soft  %steal  %guest  %gnice   %idle
17:58:04     all    0,01    0,00    0,03    0,01    0,00    0,00    0,00    0,00    0,00   99,95
17:58:04       0    0,00    0,00    0,00    0,00    0,00    0,00    0,00    0,00    0,00  100,00
17:58:04       1    0,00    0,00    0,00    0,10    0,00    0,00    0,00    0,00    0,00   99,90
17:58:04       2    0,10    0,00    0,10    0,00    0,00    0,00    0,00    0,00    0,00   99,80
17:58:04       3    0,00    0,00    0,00    0,00    0,00    0,00    0,00    0,00    0,00  100,00
17:58:04       4    0,00    0,00    0,00    0,00    0,00    0,00    0,00    0,00    0,00  100,00
17:58:04       5    0,00    0,00    0,00    0,00    0,00    0,00    0,00    0,00    0,00  100,00
17:58:04       6    0,00    0,00    0,00    0,00    0,00    0,00    0,00    0,00    0,00  100,00
17:58:04       7    0,00    0,00    0,10    0,00    0,00    0,00    0,00    0,00    0,00   99,90

17:58:04     CPU    %usr   %nice    %sys %iowait    %irq   %soft  %steal  %guest  %gnice   %idle
17:58:14     all    0,03    0,01    0,01    0,04    0,00    0,00    0,00    0,00    0,00   99,91
17:58:14       0    0,00    0,00    0,00    0,00    0,00    0,00    0,00    0,00    0,00  100,00
17:58:14       1    0,00    0,00    0,00    0,20    0,00    0,00    0,00    0,00    0,00   99,80
17:58:14       2    0,00    0,10    0,00    0,00    0,00    0,00    0,00    0,00    0,00   99,90
17:58:14       3    0,00    0,00    0,00    0,00    0,00    0,00    0,00    0,00    0,00  100,00
17:58:14       4    0,00    0,00    0,00    0,00    0,00    0,00    0,00    0,00    0,00  100,00
17:58:14       5    0,10    0,00    0,10    0,10    0,00    0,00    0,00    0,00    0,00   99,70
17:58:14       6    0,00    0,00    0,00    0,00    0,00    0,00    0,00    0,00    0,00  100,00
17:58:14       7    0,10    0,00    0,00    0,00    0,00    0,00    0,00    0,00    0,00   99,90

17:58:14     CPU    %usr   %nice    %sys %iowait    %irq   %soft  %steal  %guest  %gnice   %idle
17:58:24     all    0,00    0,00    0,00    0,01    0,00    0,00    0,00    0,00    0,00   99,99
17:58:24       0    0,00    0,00    0,00    0,00    0,00    0,00    0,00    0,00    0,00  100,00
17:58:24       1    0,00    0,00    0,00    0,10    0,00    0,00    0,00    0,00    0,00   99,90
17:58:24       2    0,00    0,00    0,00    0,00    0,00    0,00    0,00    0,00    0,00  100,00
17:58:24       3    0,00    0,00    0,00    0,00    0,00    0,00    0,00    0,00    0,00  100,00
17:58:24       4    0,00    0,00    0,00    0,00    0,00    0,00    0,00    0,00    0,00  100,00
17:58:24       5    0,00    0,00    0,00    0,00    0,00    0,00    0,00    0,00    0,00  100,00
17:58:24       6    0,00    0,00    0,00    0,00    0,00    0,00    0,00    0,00    0,00  100,00
17:58:24       7    0,00    0,00    0,00    0,00    0,00    0,00    0,00    0,00    0,00  100,00

17:58:24     CPU    %usr   %nice    %sys %iowait    %irq   %soft  %steal  %guest  %gnice   %idle
17:58:34     all    0,01    0,00    0,05    0,01    0,00    0,00    0,00    0,00    0,00   99,92
17:58:34       0    0,00    0,00    0,00    0,00    0,00    0,00    0,00    0,00    0,00  100,00
17:58:34       1    0,00    0,00    0,00    0,10    0,00    0,00    0,00    0,00    0,00   99,90
17:58:34       2    0,00    0,00    0,10    0,00    0,00    0,00    0,00    0,00    0,00   99,90
17:58:34       3    0,00    0,00    0,00    0,00    0,00    0,00    0,00    0,00    0,00  100,00
17:58:34       4    0,00    0,00    0,10    0,00    0,00    0,00    0,00    0,00    0,00   99,90
17:58:34       5    0,10    0,00    0,10    0,00    0,00    0,00    0,00    0,00    0,00   99,80
17:58:34       6    0,00    0,00    0,10    0,00    0,00    0,00    0,00    0,00    0,00   99,90
17:58:34       7    0,00    0,00    0,00    0,00    0,00    0,00    0,00    0,00    0,00  100,00

17:58:34     CPU    %usr   %nice    %sys %iowait    %irq   %soft  %steal  %guest  %gnice   %idle
17:58:44     all    0,01    0,00    0,01    0,01    0,00    0,00    0,00    0,00    0,00   99,96
17:58:44       0    0,00    0,00    0,00    0,00    0,00    0,00    0,00    0,00    0,00  100,00
17:58:44       1    0,00    0,00    0,00    0,10    0,00    0,00    0,00    0,00    0,00   99,90
17:58:44       2    0,00    0,00    0,00    0,00    0,00    0,00    0,00    0,00    0,00  100,00
17:58:44       3    0,00    0,00    0,00    0,00    0,00    0,00    0,00    0,00    0,00  100,00
17:58:44       4    0,00    0,00    0,00    0,00    0,00    0,00    0,00    0,00    0,00  100,00
17:58:44       5    0,00    0,00    0,10    0,00    0,00    0,00    0,00    0,00    0,00   99,90
17:58:44       6    0,00    0,00    0,00    0,00    0,00    0,00    0,00    0,00    0,00  100,00
17:58:44       7    0,10    0,00    0,00    0,00    0,00    0,00    0,00    0,00    0,00   99,90

17:58:44     CPU    %usr   %nice    %sys %iowait    %irq   %soft  %steal  %guest  %gnice   %idle
17:58:54     all    0,01    0,00    0,03    0,01    0,00    0,00    0,00    0,00    0,00   99,95
17:58:54       0    0,00    0,00    0,00    0,00    0,00    0,00    0,00    0,00    0,00  100,00
17:58:54       1    0,00    0,00    0,10    0,10    0,00    0,00    0,00    0,00    0,00   99,80
17:58:54       2    0,00    0,00    0,00    0,00    0,00    0,00    0,00    0,00    0,00  100,00
17:58:54       3    0,00    0,00    0,00    0,00    0,00    0,00    0,00    0,00    0,00  100,00
17:58:54       4    0,10    0,00    0,00    0,00    0,00    0,00    0,00    0,00    0,00   99,90
17:58:54       5    0,00    0,00    0,00    0,00    0,00    0,00    0,00    0,00    0,00  100,00
17:58:54       6    0,00    0,00    0,00    0,00    0,00    0,00    0,00    0,00    0,00  100,00
17:58:54       7    0,00    0,00    0,10    0,00    0,00    0,00    0,00    0,00    0,00   99,90

17:58:54     CPU    %usr   %nice    %sys %iowait    %irq   %soft  %steal  %guest  %gnice   %idle
17:59:04     all    0,01    0,00    0,03    0,04    0,00    0,00    0,00    0,00    0,00   99,92
17:59:04       0    0,00    0,00    0,10    0,00    0,00    0,00    0,00    0,00    0,00   99,90
17:59:04       1    0,00    0,00    0,00    0,30    0,00    0,00    0,00    0,00    0,00   99,70
17:59:04       2    0,00    0,00    0,00    0,00    0,00    0,00    0,00    0,00    0,00  100,00
17:59:04       3    0,00    0,00    0,00    0,00    0,00    0,00    0,00    0,00    0,00  100,00
17:59:04       4    0,00    0,00    0,00    0,00    0,00    0,00    0,00    0,00    0,00  100,00
17:59:04       5    0,10    0,00    0,10    0,00    0,00    0,00    0,00    0,00    0,00   99,80
17:59:04       6    0,00    0,00    0,00    0,00    0,00    0,00    0,00    0,00    0,00  100,00
17:59:04       7    0,00    0,00    0,00    0,00    0,00    0,00    0,00    0,00    0,00  100,00

17:59:04     CPU    %usr   %nice    %sys %iowait    %irq   %soft  %steal  %guest  %gnice   %idle
17:59:14     all    0,03    0,00    0,01    0,01    0,00    0,00    0,00    0,00    0,00   99,95
17:59:14       0    0,00    0,00    0,00    0,00    0,00    0,00    0,00    0,00    0,00  100,00
17:59:14       1    0,10    0,00    0,00    0,10    0,00    0,00    0,00    0,00    0,00   99,80
17:59:14       2    0,00    0,00    0,00    0,00    0,00    0,00    0,00    0,00    0,00  100,00
17:59:14       3    0,00    0,00    0,00    0,00    0,00    0,00    0,00    0,00    0,00  100,00
17:59:14       4    0,00    0,00    0,00    0,00    0,00    0,00    0,00    0,00    0,00  100,00
17:59:14       5    0,00    0,00    0,10    0,00    0,00    0,00    0,00    0,00    0,00   99,90
17:59:14       6    0,00    0,00    0,00    0,00    0,00    0,00    0,00    0,00    0,00  100,00
17:59:14       7    0,10    0,00    0,00    0,00    0,00    0,00    0,00    0,00    0,00   99,90

17:59:14     CPU    %usr   %nice    %sys %iowait    %irq   %soft  %steal  %guest  %gnice   %idle
17:59:24     all    0,01    0,00    0,01    0,01    0,00    0,01    0,00    0,00    0,00   99,95
17:59:24       0    0,10    0,00    0,00    0,00    0,00    0,00    0,00    0,00    0,00   99,90
17:59:24       1    0,00    0,00    0,00    0,10    0,00    0,00    0,00    0,00    0,00   99,90
17:59:24       2    0,00    0,00    0,00    0,00    0,00    0,00    0,00    0,00    0,00  100,00
17:59:24       3    0,00    0,00    0,00    0,00    0,00    0,00    0,00    0,00    0,00  100,00
17:59:24       4    0,00    0,00    0,00    0,00    0,00    0,00    0,00    0,00    0,00  100,00
17:59:24       5    0,00    0,00    0,00    0,00    0,00    0,00    0,00    0,00    0,00  100,00
17:59:24       6    0,00    0,00    0,10    0,00    0,00    0,00    0,00    0,00    0,00   99,90
17:59:24       7    0,00    0,00    0,00    0,00    0,00    0,10    0,00    0,00    0,00   99,90

17:59:24     CPU    %usr   %nice    %sys %iowait    %irq   %soft  %steal  %guest  %gnice   %idle
17:59:34     all    0,01    0,00    0,05    0,03    0,00    0,00    0,00    0,00    0,00   99,91
17:59:34       0    0,00    0,00    0,00    0,00    0,00    0,00    0,00    0,00    0,00  100,00
17:59:34       1    0,00    0,00    0,00    0,20    0,00    0,00    0,00    0,00    0,00   99,80
17:59:34       2    0,00    0,00    0,10    0,00    0,00    0,00    0,00    0,00    0,00   99,90
17:59:34       3    0,00    0,00    0,10    0,00    0,00    0,00    0,00    0,00    0,00   99,90
17:59:34       4    0,00    0,00    0,10    0,00    0,00    0,00    0,00    0,00    0,00   99,90
17:59:34       5    0,10    0,00    0,10    0,00    0,00    0,00    0,00    0,00    0,00   99,80
17:59:34       6    0,00    0,00    0,00    0,00    0,00    0,00    0,00    0,00    0,00  100,00
17:59:34       7    0,00    0,00    0,00    0,00    0,00    0,00    0,00    0,00    0,00  100,00

17:59:34     CPU    %usr   %nice    %sys %iowait    %irq   %soft  %steal  %guest  %gnice   %idle
17:59:44     all    0,03    0,00    0,04    0,03    0,00    0,00    0,00    0,00    0,00   99,91
17:59:44       0    0,00    0,00    0,00    0,00    0,00    0,00    0,00    0,00    0,00  100,00
17:59:44       1    0,00    0,00    0,00    0,10    0,00    0,00    0,00    0,00    0,00   99,90
17:59:44       2    0,10    0,00    0,00    0,00    0,00    0,00    0,00    0,00    0,00   99,90
17:59:44       3    0,00    0,00    0,00    0,00    0,00    0,00    0,00    0,00    0,00  100,00
17:59:44       4    0,00    0,00    0,00    0,00    0,00    0,00    0,00    0,00    0,00  100,00
17:59:44       5    0,00    0,00    0,10    0,10    0,00    0,00    0,00    0,00    0,00   99,80
17:59:44       6    0,00    0,00    0,10    0,00    0,00    0,00    0,00    0,00    0,00   99,90
17:59:44       7    0,10    0,00    0,10    0,00    0,00    0,00    0,00    0,00    0,00   99,80

17:59:44     CPU    %usr   %nice    %sys %iowait    %irq   %soft  %steal  %guest  %gnice   %idle
17:59:54     all    0,00    0,00    0,00    0,03    0,00    0,00    0,00    0,00    0,00   99,97
17:59:54       0    0,00    0,00    0,00    0,00    0,00    0,00    0,00    0,00    0,00  100,00
17:59:54       1    0,00    0,00    0,00    0,20    0,00    0,00    0,00    0,00    0,00   99,80
17:59:54       2    0,00    0,00    0,00    0,00    0,00    0,00    0,00    0,00    0,00  100,00
17:59:54       3    0,00    0,00    0,00    0,00    0,00    0,00    0,00    0,00    0,00  100,00
17:59:54       4    0,00    0,00    0,00    0,00    0,00    0,00    0,00    0,00    0,00  100,00
17:59:54       5    0,00    0,00    0,00    0,00    0,00    0,00    0,00    0,00    0,00  100,00
17:59:54       6    0,00    0,00    0,00    0,00    0,00    0,00    0,00    0,00    0,00  100,00
17:59:54       7    0,00    0,00    0,00    0,00    0,00    0,00    0,00    0,00    0,00  100,00

17:59:54     CPU    %usr   %nice    %sys %iowait    %irq   %soft  %steal  %guest  %gnice   %idle
18:00:04     all    0,00    0,00    0,05    0,04    0,00    0,00    0,00    0,00    0,00   99,91
18:00:04       0    0,00    0,00    0,10    0,10    0,00    0,00    0,00    0,00    0,00   99,80
18:00:04       1    0,00    0,00    0,00    0,20    0,00    0,00    0,00    0,00    0,00   99,80
18:00:04       2    0,00    0,00    0,10    0,00    0,00    0,00    0,00    0,00    0,00   99,90
18:00:04       3    0,00    0,00    0,00    0,00    0,00    0,00    0,00    0,00    0,00  100,00
18:00:04       4    0,00    0,00    0,00    0,00    0,00    0,00    0,00    0,00    0,00  100,00
18:00:04       5    0,00    0,00    0,10    0,00    0,00    0,00    0,00    0,00    0,00   99,90
18:00:04       6    0,00    0,00    0,00    0,00    0,00    0,00    0,00    0,00    0,00  100,00
18:00:04       7    0,00    0,00    0,10    0,00    0,00    0,00    0,00    0,00    0,00   99,90

18:00:04     CPU    %usr   %nice    %sys %iowait    %irq   %soft  %steal  %guest  %gnice   %idle
18:00:14     all    0,03    0,00    0,03    0,03    0,00    0,00    0,00    0,00    0,00   99,92
18:00:14       0    0,00    0,00    0,00    0,00    0,00    0,00    0,00    0,00    0,00  100,00
18:00:14       1    0,00    0,00    0,00    0,10    0,00    0,00    0,00    0,00    0,00   99,90
18:00:14       2    0,00    0,00    0,00    0,00    0,00    0,00    0,00    0,00    0,00  100,00
18:00:14       3    0,00    0,00    0,00    0,00    0,00    0,00    0,00    0,00    0,00  100,00
18:00:14       4    0,00    0,00    0,00    0,00    0,00    0,00    0,00    0,00    0,00  100,00
18:00:14       5    0,00    0,00    0,10    0,10    0,00    0,00    0,00    0,00    0,00   99,80
18:00:14       6    0,00    0,00    0,10    0,00    0,00    0,00    0,00    0,00    0,00   99,90
18:00:14       7    0,20    0,00    0,00    0,00    0,00    0,00    0,00    0,00    0,00   99,80

18:00:14     CPU    %usr   %nice    %sys %iowait    %irq   %soft  %steal  %guest  %gnice   %idle
18:00:24     all    0,03    0,00    0,04    0,04    0,00    0,00    0,00    0,00    0,00   99,90
18:00:24       0    0,00    0,00    0,00    0,00    0,00    0,00    0,00    0,00    0,00  100,00
18:00:24       1    0,00    0,00    0,10    0,30    0,00    0,00    0,00    0,00    0,00   99,60
18:00:24       2    0,00    0,00    0,00    0,00    0,00    0,00    0,00    0,00    0,00  100,00
18:00:24       3    0,00    0,00    0,00    0,00    0,00    0,00    0,00    0,00    0,00  100,00
18:00:24       4    0,00    0,00    0,10    0,00    0,00    0,00    0,00    0,00    0,00   99,90
18:00:24       5    0,10    0,00    0,10    0,00    0,00    0,00    0,00    0,00    0,00   99,80
18:00:24       6    0,10    0,00    0,00    0,00    0,00    0,00    0,00    0,00    0,00   99,90
18:00:24       7    0,00    0,00    0,00    0,00    0,00    0,00    0,00    0,00    0,00  100,00

18:00:24     CPU    %usr   %nice    %sys %iowait    %irq   %soft  %steal  %guest  %gnice   %idle
18:00:34     all    0,00    0,00    0,04    0,01    0,00    0,01    0,00    0,00    0,00   99,94
18:00:34       0    0,00    0,00    0,00    0,00    0,00    0,00    0,00    0,00    0,00  100,00
18:00:34       1    0,00    0,00    0,00    0,10    0,00    0,00    0,00    0,00    0,00   99,90
18:00:34       2    0,00    0,00    0,10    0,00    0,00    0,00    0,00    0,00    0,00   99,90
18:00:34       3    0,00    0,00    0,00    0,00    0,00    0,00    0,00    0,00    0,00  100,00
18:00:34       4    0,00    0,00    0,00    0,00    0,00    0,00    0,00    0,00    0,00  100,00
18:00:34       5    0,00    0,00    0,10    0,00    0,00    0,00    0,00    0,00    0,00   99,90
18:00:34       6    0,00    0,00    0,10    0,00    0,00    0,00    0,00    0,00    0,00   99,90
18:00:34       7    0,00    0,00    0,00    0,00    0,00    0,10    0,00    0,00    0,00   99,90

18:00:34     CPU    %usr   %nice    %sys %iowait    %irq   %soft  %steal  %guest  %gnice   %idle
18:00:44     all    0,00    0,00    0,03    0,01    0,00    0,00    0,00    0,00    0,00   99,96
18:00:44       0    0,00    0,00    0,10    0,00    0,00    0,00    0,00    0,00    0,00   99,90
18:00:44       1    0,00    0,00    0,00    0,00    0,00    0,00    0,00    0,00    0,00  100,00
18:00:44       2    0,00    0,00    0,00    0,00    0,00    0,00    0,00    0,00    0,00  100,00
18:00:44       3    0,00    0,00    0,00    0,00    0,00    0,00    0,00    0,00    0,00  100,00
18:00:44       4    0,00    0,00    0,00    0,00    0,00    0,00    0,00    0,00    0,00  100,00
18:00:44       5    0,00    0,00    0,00    0,00    0,00    0,00    0,00    0,00    0,00  100,00
18:00:44       6    0,00    0,00    0,10    0,10    0,00    0,00    0,00    0,00    0,00   99,80
18:00:44       7    0,00    0,00    0,00    0,00    0,00    0,00    0,00    0,00    0,00  100,00

18:00:44     CPU    %usr   %nice    %sys %iowait    %irq   %soft  %steal  %guest  %gnice   %idle
18:00:54     all    0,01    0,00    0,01    0,01    0,00    0,00    0,00    0,00    0,00   99,96
18:00:54       0    0,00    0,00    0,00    0,00    0,00    0,00    0,00    0,00    0,00  100,00
18:00:54       1    0,10    0,00    0,00    0,00    0,00    0,00    0,00    0,00    0,00   99,90
18:00:54       2    0,00    0,00    0,00    0,00    0,00    0,00    0,00    0,00    0,00  100,00
18:00:54       3    0,00    0,00    0,00    0,00    0,00    0,00    0,00    0,00    0,00  100,00
18:00:54       4    0,00    0,00    0,00    0,00    0,00    0,00    0,00    0,00    0,00  100,00
18:00:54       5    0,00    0,00    0,10    0,10    0,00    0,00    0,00    0,00    0,00   99,80
18:00:54       6    0,00    0,00    0,00    0,00    0,00    0,00    0,00    0,00    0,00  100,00
18:00:54       7    0,00    0,00    0,00    0,00    0,00    0,00    0,00    0,00    0,00  100,00

18:00:54     CPU    %usr   %nice    %sys %iowait    %irq   %soft  %steal  %guest  %gnice   %idle
18:01:04     all    0,01    0,00    0,04    0,03    0,00    0,00    0,00    0,00    0,00   99,92
18:01:04       0    0,00    0,00    0,00    0,00    0,00    0,00    0,00    0,00    0,00  100,00
18:01:04       1    0,00    0,00    0,00    0,00    0,00    0,00    0,00    0,00    0,00  100,00
18:01:04       2    0,10    0,00    0,10    0,00    0,00    0,00    0,00    0,00    0,00   99,80
18:01:04       3    0,00    0,00    0,00    0,00    0,00    0,00    0,00    0,00    0,00  100,00
18:01:04       4    0,00    0,00    0,00    0,00    0,00    0,00    0,00    0,00    0,00  100,00
18:01:04       5    0,00    0,00    0,10    0,00    0,00    0,00    0,00    0,00    0,00   99,90
18:01:04       6    0,00    0,00    0,00    0,20    0,00    0,00    0,00    0,00    0,00   99,80
18:01:04       7    0,00    0,00    0,10    0,00    0,00    0,00    0,00    0,00    0,00   99,90

18:01:04     CPU    %usr   %nice    %sys %iowait    %irq   %soft  %steal  %guest  %gnice   %idle
18:01:14     all    0,04    0,00    0,01    0,04    0,00    0,00    0,00    0,00    0,00   99,91
18:01:14       0    0,00    0,00    0,00    0,00    0,00    0,00    0,00    0,00    0,00  100,00
18:01:14       1    0,00    0,00    0,00    0,00    0,00    0,00    0,00    0,00    0,00  100,00
18:01:14       2    0,00    0,00    0,00    0,00    0,00    0,00    0,00    0,00    0,00  100,00
18:01:14       3    0,00    0,00    0,00    0,00    0,00    0,00    0,00    0,00    0,00  100,00
18:01:14       4    0,00    0,00    0,00    0,00    0,00    0,00    0,00    0,00    0,00  100,00
18:01:14       5    0,10    0,00    0,00    0,10    0,00    0,00    0,00    0,00    0,00   99,80
18:01:14       6    0,00    0,00    0,10    0,20    0,00    0,00    0,00    0,00    0,00   99,70
18:01:14       7    0,20    0,00    0,00    0,00    0,00    0,00    0,00    0,00    0,00   99,80

18:01:14     CPU    %usr   %nice    %sys %iowait    %irq   %soft  %steal  %guest  %gnice   %idle
18:01:24     all    0,00    0,00    0,03    0,01    0,00    0,00    0,00    0,00    0,00   99,96
18:01:24       0    0,00    0,00    0,00    0,00    0,00    0,00    0,00    0,00    0,00  100,00
18:01:24       1    0,00    0,00    0,00    0,00    0,00    0,00    0,00    0,00    0,00  100,00
18:01:24       2    0,00    0,00    0,00    0,00    0,00    0,00    0,00    0,00    0,00  100,00
18:01:24       3    0,00    0,00    0,00    0,00    0,00    0,00    0,00    0,00    0,00  100,00
18:01:24       4    0,00    0,00    0,10    0,00    0,00    0,00    0,00    0,00    0,00   99,90
18:01:24       5    0,00    0,00    0,10    0,00    0,00    0,00    0,00    0,00    0,00   99,90
18:01:24       6    0,00    0,00    0,00    0,10    0,00    0,00    0,00    0,00    0,00   99,90
18:01:24       7    0,00    0,00    0,00    0,00    0,00    0,00    0,00    0,00    0,00  100,00

18:01:24     CPU    %usr   %nice    %sys %iowait    %irq   %soft  %steal  %guest  %gnice   %idle
18:01:34     all    0,00    0,00    0,03    0,01    0,00    0,00    0,00    0,00    0,00   99,96
18:01:34       0    0,00    0,00    0,00    0,00    0,00    0,00    0,00    0,00    0,00  100,00
18:01:34       1    0,00    0,00    0,00    0,00    0,00    0,00    0,00    0,00    0,00  100,00
18:01:34       2    0,00    0,00    0,00    0,00    0,00    0,00    0,00    0,00    0,00  100,00
18:01:34       3    0,00    0,00    0,00    0,00    0,00    0,00    0,00    0,00    0,00  100,00
18:01:34       4    0,00    0,00    0,00    0,00    0,00    0,00    0,00    0,00    0,00  100,00
18:01:34       5    0,00    0,00    0,00    0,00    0,00    0,00    0,00    0,00    0,00  100,00
18:01:34       6    0,00    0,00    0,10    0,10    0,00    0,00    0,00    0,00    0,00   99,80
18:01:34       7    0,00    0,00    0,10    0,00    0,00    0,00    0,00    0,00    0,00   99,90

18:01:34     CPU    %usr   %nice    %sys %iowait    %irq   %soft  %steal  %guest  %gnice   %idle
18:01:44     all    0,00    0,00    0,01    0,03    0,00    0,00    0,00    0,00    0,00   99,96
18:01:44       0    0,00    0,00    0,00    0,00    0,00    0,00    0,00    0,00    0,00  100,00
18:01:44       1    0,00    0,00    0,00    0,00    0,00    0,00    0,00    0,00    0,00  100,00
18:01:44       2    0,00    0,00    0,00    0,10    0,00    0,00    0,00    0,00    0,00   99,90
18:01:44       3    0,00    0,00    0,00    0,00    0,00    0,00    0,00    0,00    0,00  100,00
18:01:44       4    0,00    0,00    0,00    0,00    0,00    0,00    0,00    0,00    0,00  100,00
18:01:44       5    0,00    0,00    0,10    0,00    0,00    0,00    0,00    0,00    0,00   99,90
18:01:44       6    0,00    0,00    0,00    0,10    0,00    0,00    0,00    0,00    0,00   99,90
18:01:44       7    0,00    0,00    0,00    0,00    0,00    0,00    0,00    0,00    0,00  100,00

18:01:44     CPU    %usr   %nice    %sys %iowait    %irq   %soft  %steal  %guest  %gnice   %idle
18:01:54     all    0,01    0,00    0,05    0,06    0,00    0,00    0,00    0,00    0,00   99,87
18:01:54       0    0,00    0,00    0,10    0,00    0,00    0,00    0,00    0,00    0,00   99,90
18:01:54       1    0,00    0,00    0,00    0,10    0,00    0,00    0,00    0,00    0,00   99,90
18:01:54       2    0,00    0,00    0,10    0,00    0,00    0,00    0,00    0,00    0,00   99,90
18:01:54       3    0,00    0,00    0,00    0,00    0,00    0,00    0,00    0,00    0,00  100,00
18:01:54       4    0,00    0,00    0,00    0,00    0,00    0,00    0,00    0,00    0,00  100,00
18:01:54       5    0,10    0,00    0,10    0,00    0,00    0,00    0,00    0,00    0,00   99,80
18:01:54       6    0,00    0,00    0,10    0,30    0,00    0,00    0,00    0,00    0,00   99,60
18:01:54       7    0,00    0,00    0,00    0,10    0,00    0,00    0,00    0,00    0,00   99,90

18:01:54     CPU    %usr   %nice    %sys %iowait    %irq   %soft  %steal  %guest  %gnice   %idle
18:02:04     all    0,00    0,00    0,03    0,04    0,00    0,00    0,00    0,00    0,00   99,94
18:02:04       0    0,00    0,00    0,00    0,20    0,00    0,00    0,00    0,00    0,00   99,80
18:02:04       1    0,00    0,00    0,00    0,00    0,00    0,00    0,00    0,00    0,00  100,00
18:02:04       2    0,00    0,00    0,00    0,00    0,00    0,00    0,00    0,00    0,00  100,00
18:02:04       3    0,00    0,00    0,10    0,00    0,00    0,00    0,00    0,00    0,00   99,90
18:02:04       4    0,00    0,00    0,00    0,00    0,00    0,00    0,00    0,00    0,00  100,00
18:02:04       5    0,00    0,00    0,00    0,10    0,00    0,00    0,00    0,00    0,00   99,90
18:02:04       6    0,00    0,00    0,00    0,00    0,00    0,00    0,00    0,00    0,00  100,00
18:02:04       7    0,00    0,00    0,10    0,00    0,00    0,00    0,00    0,00    0,00   99,90

18:02:04     CPU    %usr   %nice    %sys %iowait    %irq   %soft  %steal  %guest  %gnice   %idle
18:02:14     all    0,03    0,01    0,03    0,03    0,00    0,00    0,00    0,00    0,00   99,91
18:02:14       0    0,00    0,00    0,00    0,10    0,00    0,00    0,00    0,00    0,00   99,90
18:02:14       1    0,00    0,00    0,00    0,00    0,00    0,00    0,00    0,00    0,00  100,00
18:02:14       2    0,00    0,00    0,00    0,00    0,00    0,00    0,00    0,00    0,00  100,00
18:02:14       3    0,00    0,00    0,00    0,00    0,00    0,00    0,00    0,00    0,00  100,00
18:02:14       4    0,00    0,00    0,00    0,00    0,00    0,00    0,00    0,00    0,00  100,00
18:02:14       5    0,00    0,00    0,10    0,10    0,00    0,00    0,00    0,00    0,00   99,80
18:02:14       6    0,00    0,10    0,10    0,00    0,00    0,00    0,00    0,00    0,00   99,80
18:02:14       7    0,20    0,00    0,00    0,00    0,00    0,00    0,00    0,00    0,00   99,80

18:02:14     CPU    %usr   %nice    %sys %iowait    %irq   %soft  %steal  %guest  %gnice   %idle
18:02:24     all    0,00    0,00    0,01    0,01    0,00    0,00    0,00    0,00    0,00   99,97
18:02:24       0    0,00    0,00    0,00    0,10    0,00    0,00    0,00    0,00    0,00   99,90
18:02:24       1    0,00    0,00    0,00    0,00    0,00    0,00    0,00    0,00    0,00  100,00
18:02:24       2    0,00    0,00    0,00    0,00    0,00    0,00    0,00    0,00    0,00  100,00
18:02:24       3    0,00    0,00    0,00    0,00    0,00    0,00    0,00    0,00    0,00  100,00
18:02:24       4    0,00    0,00    0,00    0,00    0,00    0,00    0,00    0,00    0,00  100,00
18:02:24       5    0,00    0,00    0,10    0,00    0,00    0,00    0,00    0,00    0,00   99,90
18:02:24       6    0,00    0,00    0,00    0,00    0,00    0,00    0,00    0,00    0,00  100,00
18:02:24       7    0,00    0,00    0,00    0,00    0,00    0,00    0,00    0,00    0,00  100,00

18:02:24     CPU    %usr   %nice    %sys %iowait    %irq   %soft  %steal  %guest  %gnice   %idle
18:02:34     all    0,01    0,00    0,01    0,03    0,00    0,00    0,00    0,00    0,00   99,95
18:02:34       0    0,00    0,00    0,00    0,10    0,00    0,00    0,00    0,00    0,00   99,90
18:02:34       1    0,00    0,00    0,00    0,00    0,00    0,00    0,00    0,00    0,00  100,00
18:02:34       2    0,00    0,00    0,00    0,00    0,00    0,00    0,00    0,00    0,00  100,00
18:02:34       3    0,00    0,00    0,00    0,00    0,00    0,00    0,00    0,00    0,00  100,00
18:02:34       4    0,00    0,00    0,10    0,00    0,00    0,00    0,00    0,00    0,00   99,90
18:02:34       5    0,10    0,00    0,00    0,00    0,00    0,00    0,00    0,00    0,00   99,90
18:02:34       6    0,00    0,00    0,00    0,10    0,00    0,00    0,00    0,00    0,00   99,90
18:02:34       7    0,00    0,00    0,00    0,00    0,00    0,00    0,00    0,00    0,00  100,00

18:02:34     CPU    %usr   %nice    %sys %iowait    %irq   %soft  %steal  %guest  %gnice   %idle
18:02:44     all    0,00    0,00    0,03    0,03    0,00    0,01    0,00    0,00    0,00   99,94
18:02:44       0    0,00    0,00    0,00    0,00    0,00    0,00    0,00    0,00    0,00  100,00
18:02:44       1    0,00    0,00    0,00    0,00    0,00    0,00    0,00    0,00    0,00  100,00
18:02:44       2    0,00    0,00    0,00    0,00    0,00    0,00    0,00    0,00    0,00  100,00
18:02:44       3    0,00    0,00    0,00    0,00    0,00    0,00    0,00    0,00    0,00  100,00
18:02:44       4    0,00    0,00    0,00    0,00    0,00    0,00    0,00    0,00    0,00  100,00
18:02:44       5    0,00    0,00    0,10    0,00    0,00    0,00    0,00    0,00    0,00   99,90
18:02:44       6    0,00    0,00    0,10    0,20    0,00    0,00    0,00    0,00    0,00   99,70
18:02:44       7    0,00    0,00    0,00    0,00    0,00    0,10    0,00    0,00    0,00   99,90

18:02:44     CPU    %usr   %nice    %sys %iowait    %irq   %soft  %steal  %guest  %gnice   %idle
18:02:54     all    0,05    0,00    0,03    0,01    0,00    0,00    0,00    0,00    0,00   99,91
18:02:54       0    0,10    0,00    0,00    0,00    0,00    0,00    0,00    0,00    0,00   99,90
18:02:54       1    0,00    0,00    0,10    0,00    0,00    0,00    0,00    0,00    0,00   99,90
18:02:54       2    0,00    0,00    0,00    0,00    0,00    0,00    0,00    0,00    0,00  100,00
18:02:54       3    0,10    0,00    0,00    0,00    0,00    0,00    0,00    0,00    0,00   99,90
18:02:54       4    0,10    0,00    0,00    0,00    0,00    0,00    0,00    0,00    0,00   99,90
18:02:54       5    0,00    0,00    0,10    0,00    0,00    0,00    0,00    0,00    0,00   99,90
18:02:54       6    0,10    0,00    0,00    0,10    0,00    0,00    0,00    0,00    0,00   99,80
18:02:54       7    0,00    0,00    0,00    0,00    0,00    0,00    0,00    0,00    0,00  100,00

18:02:54     CPU    %usr   %nice    %sys %iowait    %irq   %soft  %steal  %guest  %gnice   %idle
18:03:04     all    0,01    0,00    0,04    0,03    0,00    0,00    0,00    0,00    0,00   99,92
18:03:04       0    0,00    0,00    0,00    0,00    0,00    0,00    0,00    0,00    0,00  100,00
18:03:04       1    0,00    0,00    0,00    0,00    0,00    0,00    0,00    0,00    0,00  100,00
18:03:04       2    0,00    0,00    0,00    0,00    0,00    0,00    0,00    0,00    0,00  100,00
18:03:04       3    0,00    0,00    0,00    0,00    0,00    0,00    0,00    0,00    0,00  100,00
18:03:04       4    0,00    0,00    0,00    0,00    0,00    0,00    0,00    0,00    0,00  100,00
18:03:04       5    0,00    0,00    0,10    0,10    0,00    0,00    0,00    0,00    0,00   99,80
18:03:04       6    0,00    0,00    0,10    0,10    0,00    0,00    0,00    0,00    0,00   99,80
18:03:04       7    0,10    0,00    0,10    0,00    0,00    0,00    0,00    0,00    0,00   99,80

18:03:04     CPU    %usr   %nice    %sys %iowait    %irq   %soft  %steal  %guest  %gnice   %idle
18:03:14     all    0,01    0,00    0,04    0,03    0,00    0,00    0,00    0,00    0,00   99,92
18:03:14       0    0,00    0,00    0,10    0,00    0,00    0,00    0,00    0,00    0,00   99,90
18:03:14       1    0,10    0,00    0,00    0,00    0,00    0,00    0,00    0,00    0,00   99,90
18:03:14       2    0,00    0,00    0,10    0,00    0,00    0,00    0,00    0,00    0,00   99,90
18:03:14       3    0,00    0,00    0,00    0,00    0,00    0,00    0,00    0,00    0,00  100,00
18:03:14       4    0,00    0,00    0,00    0,00    0,00    0,00    0,00    0,00    0,00  100,00
18:03:14       5    0,00    0,00    0,10    0,00    0,00    0,00    0,00    0,00    0,00   99,90
18:03:14       6    0,00    0,00    0,00    0,20    0,00    0,00    0,00    0,00    0,00   99,80
18:03:14       7    0,00    0,00    0,00    0,00    0,00    0,00    0,00    0,00    0,00  100,00

18:03:14     CPU    %usr   %nice    %sys %iowait    %irq   %soft  %steal  %guest  %gnice   %idle
18:03:24     all    0,01    0,00    0,00    0,01    0,00    0,00    0,00    0,00    0,00   99,97
18:03:24       0    0,00    0,00    0,00    0,00    0,00    0,00    0,00    0,00    0,00  100,00
18:03:24       1    0,00    0,00    0,00    0,00    0,00    0,00    0,00    0,00    0,00  100,00
18:03:24       2    0,00    0,00    0,00    0,00    0,00    0,00    0,00    0,00    0,00  100,00
18:03:24       3    0,00    0,00    0,00    0,00    0,00    0,00    0,00    0,00    0,00  100,00
18:03:24       4    0,00    0,00    0,00    0,00    0,00    0,00    0,00    0,00    0,00  100,00
18:03:24       5    0,10    0,00    0,00    0,00    0,00    0,00    0,00    0,00    0,00   99,90
18:03:24       6    0,00    0,00    0,00    0,10    0,00    0,00    0,00    0,00    0,00   99,90
18:03:24       7    0,00    0,00    0,00    0,00    0,00    0,00    0,00    0,00    0,00  100,00

18:03:24     CPU    %usr   %nice    %sys %iowait    %irq   %soft  %steal  %guest  %gnice   %idle
18:03:34     all    0,01    0,00    0,01    0,01    0,00    0,00    0,00    0,00    0,00   99,96
18:03:34       0    0,00    0,00    0,00    0,00    0,00    0,00    0,00    0,00    0,00  100,00
18:03:34       1    0,00    0,00    0,00    0,00    0,00    0,00    0,00    0,00    0,00  100,00
18:03:34       2    0,10    0,00    0,00    0,00    0,00    0,00    0,00    0,00    0,00   99,90
18:03:34       3    0,00    0,00    0,00    0,00    0,00    0,00    0,00    0,00    0,00  100,00
18:03:34       4    0,00    0,00    0,00    0,00    0,00    0,00    0,00    0,00    0,00  100,00
18:03:34       5    0,00    0,00    0,10    0,00    0,00    0,00    0,00    0,00    0,00   99,90
18:03:34       6    0,00    0,00    0,00    0,10    0,00    0,00    0,00    0,00    0,00   99,90
18:03:34       7    0,00    0,00    0,00    0,00    0,00    0,00    0,00    0,00    0,00  100,00

18:03:34     CPU    %usr   %nice    %sys %iowait    %irq   %soft  %steal  %guest  %gnice   %idle
18:03:44     all    0,00    0,00    0,04    0,01    0,00    0,00    0,00    0,00    0,00   99,95
18:03:44       0    0,00    0,00    0,00    0,00    0,00    0,00    0,00    0,00    0,00  100,00
18:03:44       1    0,00    0,00    0,00    0,00    0,00    0,00    0,00    0,00    0,00  100,00
18:03:44       2    0,00    0,00    0,10    0,00    0,00    0,00    0,00    0,00    0,00   99,90
18:03:44       3    0,00    0,00    0,00    0,00    0,00    0,00    0,00    0,00    0,00  100,00
18:03:44       4    0,00    0,00    0,00    0,00    0,00    0,00    0,00    0,00    0,00  100,00
18:03:44       5    0,00    0,00    0,10    0,00    0,00    0,00    0,00    0,00    0,00   99,90
18:03:44       6    0,00    0,00    0,10    0,10    0,00    0,00    0,00    0,00    0,00   99,80
18:03:44       7    0,00    0,00    0,00    0,00    0,00    0,00    0,00    0,00    0,00  100,00

18:03:44     CPU    %usr   %nice    %sys %iowait    %irq   %soft  %steal  %guest  %gnice   %idle
18:03:54     all    0,00    0,00    0,04    0,03    0,00    0,00    0,00    0,00    0,00   99,94
18:03:54       0    0,00    0,00    0,10    0,00    0,00    0,00    0,00    0,00    0,00   99,90
18:03:54       1    0,00    0,00    0,00    0,00    0,00    0,00    0,00    0,00    0,00  100,00
18:03:54       2    0,00    0,00    0,00    0,00    0,00    0,00    0,00    0,00    0,00  100,00
18:03:54       3    0,00    0,00    0,00    0,00    0,00    0,00    0,00    0,00    0,00  100,00
18:03:54       4    0,00    0,00    0,00    0,00    0,00    0,00    0,00    0,00    0,00  100,00
18:03:54       5    0,00    0,00    0,10    0,00    0,00    0,00    0,00    0,00    0,00   99,90
18:03:54       6    0,00    0,00    0,00    0,20    0,00    0,00    0,00    0,00    0,00   99,80
18:03:54       7    0,00    0,00    0,10    0,00    0,00    0,00    0,00    0,00    0,00   99,90

18:03:54     CPU    %usr   %nice    %sys %iowait    %irq   %soft  %steal  %guest  %gnice   %idle
18:04:04     all    0,01    0,00    0,03    0,03    0,00    0,00    0,00    0,00    0,00   99,94
18:04:04       0    0,00    0,00    0,00    0,00    0,00    0,00    0,00    0,00    0,00  100,00
18:04:04       1    0,10    0,00    0,10    0,00    0,00    0,00    0,00    0,00    0,00   99,80
18:04:04       2    0,00    0,00    0,00    0,00    0,00    0,00    0,00    0,00    0,00  100,00
18:04:04       3    0,00    0,00    0,00    0,00    0,00    0,00    0,00    0,00    0,00  100,00
18:04:04       4    0,00    0,00    0,00    0,00    0,00    0,00    0,00    0,00    0,00  100,00
18:04:04       5    0,00    0,00    0,10    0,00    0,00    0,00    0,00    0,00    0,00   99,90
18:04:04       6    0,00    0,00    0,00    0,20    0,00    0,00    0,00    0,00    0,00   99,80
18:04:04       7    0,00    0,00    0,00    0,00    0,00    0,00    0,00    0,00    0,00  100,00

18:04:04     CPU    %usr   %nice    %sys %iowait    %irq   %soft  %steal  %guest  %gnice   %idle
18:04:14     all    0,05    0,00    0,00    0,03    0,00    0,00    0,00    0,00    0,00   99,92
18:04:14       0    0,00    0,00    0,00    0,00    0,00    0,00    0,00    0,00    0,00  100,00
18:04:14       1    0,20    0,00    0,00    0,00    0,00    0,00    0,00    0,00    0,00   99,80
18:04:14       2    0,10    0,00    0,00    0,00    0,00    0,00    0,00    0,00    0,00   99,90
18:04:14       3    0,00    0,00    0,00    0,10    0,00    0,00    0,00    0,00    0,00   99,90
18:04:14       4    0,00    0,00    0,00    0,00    0,00    0,00    0,00    0,00    0,00  100,00
18:04:14       5    0,10    0,00    0,00    0,00    0,00    0,00    0,00    0,00    0,00   99,90
18:04:14       6    0,00    0,00    0,00    0,10    0,00    0,00    0,00    0,00    0,00   99,90
18:04:14       7    0,00    0,00    0,00    0,00    0,00    0,00    0,00    0,00    0,00  100,00

18:04:14     CPU    %usr   %nice    %sys %iowait    %irq   %soft  %steal  %guest  %gnice   %idle
18:04:24     all    0,00    0,00    0,04    0,01    0,00    0,00    0,00    0,00    0,00   99,95
18:04:24       0    0,00    0,00    0,00    0,00    0,00    0,00    0,00    0,00    0,00  100,00
18:04:24       1    0,00    0,00    0,00    0,00    0,00    0,00    0,00    0,00    0,00  100,00
18:04:24       2    0,00    0,00    0,10    0,00    0,00    0,00    0,00    0,00    0,00   99,90
18:04:24       3    0,00    0,00    0,00    0,00    0,00    0,00    0,00    0,00    0,00  100,00
18:04:24       4    0,00    0,00    0,10    0,00    0,00    0,00    0,00    0,00    0,00   99,90
18:04:24       5    0,00    0,00    0,00    0,00    0,00    0,00    0,00    0,00    0,00  100,00
18:04:24       6    0,00    0,00    0,10    0,10    0,00    0,00    0,00    0,00    0,00   99,80
18:04:24       7    0,00    0,00    0,00    0,00    0,00    0,00    0,00    0,00    0,00  100,00

18:04:24     CPU    %usr   %nice    %sys %iowait    %irq   %soft  %steal  %guest  %gnice   %idle
18:04:34     all    0,00    0,00    0,03    0,01    0,00    0,00    0,00    0,00    0,00   99,96
18:04:34       0    0,00    0,00    0,00    0,00    0,00    0,00    0,00    0,00    0,00  100,00
18:04:34       1    0,00    0,00    0,00    0,00    0,00    0,00    0,00    0,00    0,00  100,00
18:04:34       2    0,00    0,00    0,10    0,00    0,00    0,00    0,00    0,00    0,00   99,90
18:04:34       3    0,00    0,00    0,10    0,00    0,00    0,00    0,00    0,00    0,00   99,90
18:04:34       4    0,00    0,00    0,00    0,00    0,00    0,00    0,00    0,00    0,00  100,00
18:04:34       5    0,00    0,00    0,00    0,00    0,00    0,00    0,00    0,00    0,00  100,00
18:04:34       6    0,00    0,00    0,00    0,10    0,00    0,00    0,00    0,00    0,00   99,90
18:04:34       7    0,00    0,00    0,00    0,00    0,00    0,00    0,00    0,00    0,00  100,00

18:04:34     CPU    %usr   %nice    %sys %iowait    %irq   %soft  %steal  %guest  %gnice   %idle
18:04:44     all    0,00    0,00    0,03    0,03    0,00    0,01    0,00    0,00    0,00   99,94
18:04:44       0    0,00    0,00    0,00    0,00    0,00    0,00    0,00    0,00    0,00  100,00
18:04:44       1    0,00    0,00    0,00    0,00    0,00    0,00    0,00    0,00    0,00  100,00
18:04:44       2    0,00    0,00    0,10    0,00    0,00    0,00    0,00    0,00    0,00   99,90
18:04:44       3    0,00    0,00    0,00    0,00    0,00    0,00    0,00    0,00    0,00  100,00
18:04:44       4    0,00    0,00    0,00    0,00    0,00    0,00    0,00    0,00    0,00  100,00
18:04:44       5    0,00    0,00    0,00    0,00    0,00    0,00    0,00    0,00    0,00  100,00
18:04:44       6    0,00    0,00    0,00    0,00    0,00    0,00    0,00    0,00    0,00  100,00
18:04:44       7    0,00    0,00    0,10    0,20    0,00    0,10    0,00    0,00    0,00   99,60

18:04:44     CPU    %usr   %nice    %sys %iowait    %irq   %soft  %steal  %guest  %gnice   %idle
18:04:54     all    0,00    0,00    0,03    0,03    0,00    0,00    0,00    0,00    0,00   99,95
18:04:54       0    0,00    0,00    0,00    0,00    0,00    0,00    0,00    0,00    0,00  100,00
18:04:54       1    0,00    0,00    0,00    0,00    0,00    0,00    0,00    0,00    0,00  100,00
18:04:54       2    0,00    0,00    0,10    0,00    0,00    0,00    0,00    0,00    0,00   99,90
18:04:54       3    0,00    0,00    0,00    0,00    0,00    0,00    0,00    0,00    0,00  100,00
18:04:54       4    0,00    0,00    0,00    0,00    0,00    0,00    0,00    0,00    0,00  100,00
18:04:54       5    0,00    0,00    0,00    0,00    0,00    0,00    0,00    0,00    0,00  100,00
18:04:54       6    0,00    0,00    0,10    0,20    0,00    0,00    0,00    0,00    0,00   99,70
18:04:54       7    0,00    0,00    0,00    0,00    0,00    0,00    0,00    0,00    0,00  100,00

18:04:54     CPU    %usr   %nice    %sys %iowait    %irq   %soft  %steal  %guest  %gnice   %idle
18:05:04     all    0,03    0,00    0,06    0,03    0,00    0,00    0,00    0,00    0,00   99,89
18:05:04       0    0,00    0,00    0,10    0,00    0,00    0,00    0,00    0,00    0,00   99,90
18:05:04       1    0,00    0,00    0,00    0,00    0,00    0,00    0,00    0,00    0,00  100,00
18:05:04       2    0,10    0,00    0,10    0,00    0,00    0,00    0,00    0,00    0,00   99,80
18:05:04       3    0,00    0,00    0,00    0,00    0,00    0,00    0,00    0,00    0,00  100,00
18:05:04       4    0,00    0,00    0,00    0,00    0,00    0,00    0,00    0,00    0,00  100,00
18:05:04       5    0,00    0,00    0,10    0,00    0,00    0,00    0,00    0,00    0,00   99,90
18:05:04       6    0,00    0,00    0,00    0,20    0,00    0,00    0,00    0,00    0,00   99,80
18:05:04       7    0,10    0,00    0,20    0,00    0,00    0,00    0,00    0,00    0,00   99,70

18:05:04     CPU    %usr   %nice    %sys %iowait    %irq   %soft  %steal  %guest  %gnice   %idle
18:05:14     all    0,03    0,00    0,03    0,03    0,00    0,00    0,00    0,00    0,00   99,92
18:05:14       0    0,00    0,00    0,00    0,00    0,00    0,00    0,00    0,00    0,00  100,00
18:05:14       1    0,00    0,00    0,00    0,00    0,00    0,00    0,00    0,00    0,00  100,00
18:05:14       2    0,00    0,00    0,00    0,00    0,00    0,00    0,00    0,00    0,00  100,00
18:05:14       3    0,00    0,00    0,00    0,00    0,00    0,00    0,00    0,00    0,00  100,00
18:05:14       4    0,00    0,00    0,00    0,00    0,00    0,00    0,00    0,00    0,00  100,00
18:05:14       5    0,00    0,00    0,10    0,10    0,00    0,00    0,00    0,00    0,00   99,80
18:05:14       6    0,00    0,00    0,00    0,10    0,00    0,00    0,00    0,00    0,00   99,90
18:05:14       7    0,20    0,00    0,10    0,00    0,00    0,00    0,00    0,00    0,00   99,70

18:05:14     CPU    %usr   %nice    %sys %iowait    %irq   %soft  %steal  %guest  %gnice   %idle
18:05:24     all    0,04    0,00    0,01    0,03    0,00    0,00    0,00    0,00    0,00   99,92
18:05:24       0    0,00    0,00    0,00    0,00    0,00    0,00    0,00    0,00    0,00  100,00
18:05:24       1    0,00    0,00    0,00    0,00    0,00    0,00    0,00    0,00    0,00  100,00
18:05:24       2    0,00    0,00    0,00    0,00    0,00    0,00    0,00    0,00    0,00  100,00
18:05:24       3    0,10    0,00    0,00    0,00    0,00    0,00    0,00    0,00    0,00   99,90
18:05:24       4    0,10    0,00    0,00    0,00    0,00    0,00    0,00    0,00    0,00   99,90
18:05:24       5    0,10    0,00    0,00    0,00    0,00    0,00    0,00    0,00    0,00   99,90
18:05:24       6    0,00    0,00    0,10    0,20    0,00    0,00    0,00    0,00    0,00   99,70
18:05:24       7    0,00    0,00    0,00    0,00    0,00    0,00    0,00    0,00    0,00  100,00

18:05:24     CPU    %usr   %nice    %sys %iowait    %irq   %soft  %steal  %guest  %gnice   %idle
18:05:34     all    0,00    0,00    0,03    0,04    0,00    0,00    0,00    0,00    0,00   99,94
18:05:34       0    0,00    0,00    0,00    0,00    0,00    0,00    0,00    0,00    0,00  100,00
18:05:34       1    0,00    0,00    0,00    0,10    0,00    0,00    0,00    0,00    0,00   99,90
18:05:34       2    0,00    0,00    0,10    0,00    0,00    0,00    0,00    0,00    0,00   99,90
18:05:34       3    0,00    0,00    0,00    0,00    0,00    0,00    0,00    0,00    0,00  100,00
18:05:34       4    0,00    0,00    0,00    0,00    0,00    0,00    0,00    0,00    0,00  100,00
18:05:34       5    0,00    0,00    0,10    0,00    0,00    0,00    0,00    0,00    0,00   99,90
18:05:34       6    0,00    0,00    0,00    0,20    0,00    0,00    0,00    0,00    0,00   99,80
18:05:34       7    0,00    0,00    0,00    0,00    0,00    0,00    0,00    0,00    0,00  100,00

18:05:34     CPU    %usr   %nice    %sys %iowait    %irq   %soft  %steal  %guest  %gnice   %idle
18:05:44     all    0,01    0,00    0,01    0,00    0,00    0,00    0,00    0,00    0,00   99,97
18:05:44       0    0,00    0,00    0,00    0,00    0,00    0,00    0,00    0,00    0,00  100,00
18:05:44       1    0,00    0,00    0,00    0,00    0,00    0,00    0,00    0,00    0,00  100,00
18:05:44       2    0,10    0,00    0,10    0,00    0,00    0,00    0,00    0,00    0,00   99,80
18:05:44       3    0,00    0,00    0,00    0,00    0,00    0,00    0,00    0,00    0,00  100,00
18:05:44       4    0,00    0,00    0,00    0,00    0,00    0,00    0,00    0,00    0,00  100,00
18:05:44       5    0,00    0,00    0,00    0,00    0,00    0,00    0,00    0,00    0,00  100,00
18:05:44       6    0,00    0,00    0,00    0,00    0,00    0,00    0,00    0,00    0,00  100,00
18:05:44       7    0,00    0,00    0,00    0,00    0,00    0,00    0,00    0,00    0,00  100,00

18:05:44     CPU    %usr   %nice    %sys %iowait    %irq   %soft  %steal  %guest  %gnice   %idle
18:05:54     all    0,01    0,00    0,04    0,03    0,00    0,00    0,00    0,00    0,00   99,92
18:05:54       0    0,00    0,00    0,00    0,00    0,00    0,00    0,00    0,00    0,00  100,00
18:05:54       1    0,00    0,00    0,00    0,00    0,00    0,00    0,00    0,00    0,00  100,00
18:05:54       2    0,00    0,00    0,10    0,20    0,00    0,00    0,00    0,00    0,00   99,70
18:05:54       3    0,00    0,00    0,10    0,00    0,00    0,00    0,00    0,00    0,00   99,90
18:05:54       4    0,00    0,00    0,00    0,00    0,00    0,00    0,00    0,00    0,00  100,00
18:05:54       5    0,00    0,00    0,00    0,00    0,00    0,00    0,00    0,00    0,00  100,00
18:05:54       6    0,10    0,00    0,10    0,00    0,00    0,00    0,00    0,00    0,00   99,80
18:05:54       7    0,00    0,00    0,00    0,00    0,00    0,00    0,00    0,00    0,00  100,00

18:05:54     CPU    %usr   %nice    %sys %iowait    %irq   %soft  %steal  %guest  %gnice   %idle
18:06:04     all    0,00    0,00    0,03    0,03    0,00    0,00    0,00    0,00    0,00   99,95
18:06:04       0    0,00    0,00    0,00    0,00    0,00    0,00    0,00    0,00    0,00  100,00
18:06:04       1    0,00    0,00    0,00    0,00    0,00    0,00    0,00    0,00    0,00  100,00
18:06:04       2    0,00    0,00    0,00    0,10    0,00    0,00    0,00    0,00    0,00   99,90
18:06:04       3    0,00    0,00    0,00    0,00    0,00    0,00    0,00    0,00    0,00  100,00
18:06:04       4    0,00    0,00    0,00    0,00    0,00    0,00    0,00    0,00    0,00  100,00
18:06:04       5    0,00    0,00    0,10    0,10    0,00    0,00    0,00    0,00    0,00   99,80
18:06:04       6    0,00    0,00    0,00    0,00    0,00    0,00    0,00    0,00    0,00  100,00
18:06:04       7    0,00    0,00    0,10    0,00    0,00    0,00    0,00    0,00    0,00   99,90

18:06:04     CPU    %usr   %nice    %sys %iowait    %irq   %soft  %steal  %guest  %gnice   %idle
18:06:14     all    0,03    0,00    0,03    0,03    0,00    0,00    0,00    0,00    0,00   99,92
18:06:14       0    0,00    0,00    0,00    0,00    0,00    0,00    0,00    0,00    0,00  100,00
18:06:14       1    0,00    0,00    0,00    0,00    0,00    0,00    0,00    0,00    0,00  100,00
18:06:14       2    0,00    0,00    0,00    0,00    0,00    0,00    0,00    0,00    0,00  100,00
18:06:14       3    0,00    0,00    0,00    0,00    0,00    0,00    0,00    0,00    0,00  100,00
18:06:14       4    0,00    0,00    0,10    0,20    0,00    0,00    0,00    0,00    0,00   99,70
18:06:14       5    0,00    0,00    0,00    0,00    0,00    0,00    0,00    0,00    0,00  100,00
18:06:14       6    0,00    0,00    0,10    0,00    0,00    0,00    0,00    0,00    0,00   99,90
18:06:14       7    0,20    0,00    0,00    0,00    0,00    0,00    0,00    0,00    0,00   99,80

18:06:14     CPU    %usr   %nice    %sys %iowait    %irq   %soft  %steal  %guest  %gnice   %idle
18:06:24     all    0,01    0,00    0,03    0,01    0,00    0,00    0,00    0,00    0,00   99,95
18:06:24       0    0,00    0,00    0,10    0,00    0,00    0,00    0,00    0,00    0,00   99,90
18:06:24       1    0,00    0,00    0,00    0,00    0,00    0,00    0,00    0,00    0,00  100,00
18:06:24       2    0,00    0,00    0,00    0,00    0,00    0,00    0,00    0,00    0,00  100,00
18:06:24       3    0,00    0,00    0,00    0,00    0,00    0,00    0,00    0,00    0,00  100,00
18:06:24       4    0,00    0,00    0,00    0,10    0,00    0,00    0,00    0,00    0,00   99,90
18:06:24       5    0,10    0,00    0,10    0,00    0,00    0,00    0,00    0,00    0,00   99,80
18:06:24       6    0,00    0,00    0,00    0,00    0,00    0,00    0,00    0,00    0,00  100,00
18:06:24       7    0,00    0,00    0,00    0,00    0,00    0,00    0,00    0,00    0,00  100,00

18:06:24     CPU    %usr   %nice    %sys %iowait    %irq   %soft  %steal  %guest  %gnice   %idle
18:06:34     all    0,00    0,00    0,03    0,01    0,00    0,00    0,00    0,00    0,00   99,96
18:06:34       0    0,00    0,00    0,00    0,00    0,00    0,00    0,00    0,00    0,00  100,00
18:06:34       1    0,00    0,00    0,00    0,00    0,00    0,00    0,00    0,00    0,00  100,00
18:06:34       2    0,00    0,00    0,10    0,00    0,00    0,00    0,00    0,00    0,00   99,90
18:06:34       3    0,00    0,00    0,10    0,00    0,00    0,00    0,00    0,00    0,00   99,90
18:06:34       4    0,00    0,00    0,00    0,10    0,00    0,00    0,00    0,00    0,00   99,90
18:06:34       5    0,00    0,00    0,00    0,00    0,00    0,00    0,00    0,00    0,00  100,00
18:06:34       6    0,00    0,00    0,00    0,00    0,00    0,00    0,00    0,00    0,00  100,00
18:06:34       7    0,00    0,00    0,00    0,00    0,00    0,00    0,00    0,00    0,00  100,00

18:06:34     CPU    %usr   %nice    %sys %iowait    %irq   %soft  %steal  %guest  %gnice   %idle
18:06:44     all    0,00    0,00    0,03    0,05    0,00    0,00    0,00    0,00    0,00   99,92
18:06:44       0    0,00    0,00    0,00    0,00    0,00    0,00    0,00    0,00    0,00  100,00
18:06:44       1    0,00    0,00    0,00    0,00    0,00    0,00    0,00    0,00    0,00  100,00
18:06:44       2    0,00    0,00    0,00    0,00    0,00    0,00    0,00    0,00    0,00  100,00
18:06:44       3    0,00    0,00    0,00    0,00    0,00    0,00    0,00    0,00    0,00  100,00
18:06:44       4    0,00    0,00    0,00    0,20    0,00    0,00    0,00    0,00    0,00   99,80
18:06:44       5    0,00    0,00    0,10    0,10    0,00    0,00    0,00    0,00    0,00   99,80
18:06:44       6    0,00    0,00    0,10    0,10    0,00    0,00    0,00    0,00    0,00   99,80
18:06:44       7    0,00    0,00    0,00    0,00    0,00    0,00    0,00    0,00    0,00  100,00

18:06:44     CPU    %usr   %nice    %sys %iowait    %irq   %soft  %steal  %guest  %gnice   %idle
18:06:54     all    0,03    0,00    0,05    0,04    0,00    0,00    0,00    0,00    0,00   99,89
18:06:54       0    0,00    0,00    0,00    0,00    0,00    0,00    0,00    0,00    0,00  100,00
18:06:54       1    0,00    0,00    0,10    0,00    0,00    0,00    0,00    0,00    0,00   99,90
18:06:54       2    0,10    0,00    0,00    0,00    0,00    0,00    0,00    0,00    0,00   99,90
18:06:54       3    0,10    0,00    0,00    0,00    0,00    0,00    0,00    0,00    0,00   99,90
18:06:54       4    0,00    0,00    0,10    0,20    0,00    0,00    0,00    0,00    0,00   99,70
18:06:54       5    0,00    0,00    0,10    0,00    0,00    0,00    0,00    0,00    0,00   99,90
18:06:54       6    0,00    0,00    0,00    0,00    0,00    0,00    0,00    0,00    0,00  100,00
18:06:54       7    0,00    0,00    0,10    0,10    0,00    0,00    0,00    0,00    0,00   99,80

18:06:54     CPU    %usr   %nice    %sys %iowait    %irq   %soft  %steal  %guest  %gnice   %idle
18:07:04     all    0,01    0,00    0,03    0,03    0,00    0,00    0,00    0,00    0,00   99,94
18:07:04       0    0,00    0,00    0,00    0,00    0,00    0,00    0,00    0,00    0,00  100,00
18:07:04       1    0,00    0,00    0,00    0,00    0,00    0,00    0,00    0,00    0,00  100,00
18:07:04       2    0,00    0,00    0,00    0,00    0,00    0,00    0,00    0,00    0,00  100,00
18:07:04       3    0,00    0,00    0,00    0,00    0,00    0,00    0,00    0,00    0,00  100,00
18:07:04       4    0,00    0,00    0,00    0,20    0,00    0,00    0,00    0,00    0,00   99,80
18:07:04       5    0,00    0,00    0,10    0,00    0,00    0,00    0,00    0,00    0,00   99,90
18:07:04       6    0,00    0,00    0,10    0,00    0,00    0,00    0,00    0,00    0,00   99,90
18:07:04       7    0,10    0,00    0,00    0,00    0,00    0,00    0,00    0,00    0,00   99,90

18:07:04     CPU    %usr   %nice    %sys %iowait    %irq   %soft  %steal  %guest  %gnice   %idle
18:07:14     all    0,04    0,00    0,00    0,03    0,00    0,00    0,00    0,00    0,00   99,94
18:07:14       0    0,00    0,00    0,00    0,00    0,00    0,00    0,00    0,00    0,00  100,00
18:07:14       1    0,10    0,00    0,00    0,00    0,00    0,00    0,00    0,00    0,00   99,90
18:07:14       2    0,00    0,00    0,00    0,00    0,00    0,00    0,00    0,00    0,00  100,00
18:07:14       3    0,00    0,00    0,00    0,00    0,00    0,00    0,00    0,00    0,00  100,00
18:07:14       4    0,00    0,00    0,00    0,10    0,00    0,00    0,00    0,00    0,00   99,90
18:07:14       5    0,10    0,00    0,00    0,10    0,00    0,00    0,00    0,00    0,00   99,80
18:07:14       6    0,00    0,00    0,00    0,00    0,00    0,00    0,00    0,00    0,00  100,00
18:07:14       7    0,10    0,00    0,00    0,00    0,00    0,00    0,00    0,00    0,00   99,90

18:07:14     CPU    %usr   %nice    %sys %iowait    %irq   %soft  %steal  %guest  %gnice   %idle
18:07:24     all    0,00    0,00    0,03    0,03    0,00    0,00    0,00    0,00    0,00   99,95
18:07:24       0    0,00    0,00    0,10    0,00    0,00    0,00    0,00    0,00    0,00   99,90
18:07:24       1    0,00    0,00    0,00    0,00    0,00    0,00    0,00    0,00    0,00  100,00
18:07:24       2    0,00    0,00    0,00    0,00    0,00    0,00    0,00    0,00    0,00  100,00
18:07:24       3    0,00    0,00    0,00    0,00    0,00    0,00    0,00    0,00    0,00  100,00
18:07:24       4    0,00    0,00    0,00    0,20    0,00    0,00    0,00    0,00    0,00   99,80
18:07:24       5    0,00    0,00    0,10    0,00    0,00    0,00    0,00    0,00    0,00   99,90
18:07:24       6    0,00    0,00    0,00    0,00    0,00    0,00    0,00    0,00    0,00  100,00
18:07:24       7    0,00    0,00    0,00    0,00    0,00    0,00    0,00    0,00    0,00  100,00

18:07:24     CPU    %usr   %nice    %sys %iowait    %irq   %soft  %steal  %guest  %gnice   %idle
18:07:34     all    0,00    0,00    0,00    0,01    0,00    0,00    0,00    0,00    0,00   99,99
18:07:34       0    0,00    0,00    0,00    0,00    0,00    0,00    0,00    0,00    0,00  100,00
18:07:34       1    0,00    0,00    0,00    0,00    0,00    0,00    0,00    0,00    0,00  100,00
18:07:34       2    0,00    0,00    0,00    0,00    0,00    0,00    0,00    0,00    0,00  100,00
18:07:34       3    0,00    0,00    0,00    0,10    0,00    0,00    0,00    0,00    0,00   99,90
18:07:34       4    0,00    0,00    0,00    0,00    0,00    0,00    0,00    0,00    0,00  100,00
18:07:34       5    0,00    0,00    0,00    0,00    0,00    0,00    0,00    0,00    0,00  100,00
18:07:34       6    0,00    0,00    0,00    0,00    0,00    0,00    0,00    0,00    0,00  100,00
18:07:34       7    0,00    0,00    0,00    0,00    0,00    0,00    0,00    0,00    0,00  100,00

18:07:34     CPU    %usr   %nice    %sys %iowait    %irq   %soft  %steal  %guest  %gnice   %idle
18:07:44     all    0,00    0,00    0,04    0,03    0,00    0,00    0,00    0,00    0,00   99,94
18:07:44       0    0,00    0,00    0,00    0,00    0,00    0,00    0,00    0,00    0,00  100,00
18:07:44       1    0,00    0,00    0,00    0,00    0,00    0,00    0,00    0,00    0,00  100,00
18:07:44       2    0,00    0,00    0,00    0,00    0,00    0,00    0,00    0,00    0,00  100,00
18:07:44       3    0,00    0,00    0,00    0,20    0,00    0,00    0,00    0,00    0,00   99,80
18:07:44       4    0,00    0,00    0,00    0,00    0,00    0,00    0,00    0,00    0,00  100,00
18:07:44       5    0,00    0,00    0,10    0,00    0,00    0,00    0,00    0,00    0,00   99,90
18:07:44       6    0,00    0,00    0,10    0,00    0,00    0,00    0,00    0,00    0,00   99,90
18:07:44       7    0,00    0,00    0,10    0,00    0,00    0,00    0,00    0,00    0,00   99,90

18:07:44     CPU    %usr   %nice    %sys %iowait    %irq   %soft  %steal  %guest  %gnice   %idle
18:07:54     all    0,03    0,00    0,01    0,01    0,00    0,00    0,00    0,00    0,00   99,95
18:07:54       0    0,10    0,00    0,00    0,00    0,00    0,00    0,00    0,00    0,00   99,90
18:07:54       1    0,00    0,00    0,00    0,00    0,00    0,00    0,00    0,00    0,00  100,00
18:07:54       2    0,00    0,00    0,00    0,00    0,00    0,00    0,00    0,00    0,00  100,00
18:07:54       3    0,00    0,00    0,00    0,10    0,00    0,00    0,00    0,00    0,00   99,90
18:07:54       4    0,00    0,00    0,00    0,00    0,00    0,00    0,00    0,00    0,00  100,00
18:07:54       5    0,00    0,00    0,10    0,00    0,00    0,00    0,00    0,00    0,00   99,90
18:07:54       6    0,10    0,00    0,00    0,00    0,00    0,00    0,00    0,00    0,00   99,90
18:07:54       7    0,00    0,00    0,00    0,00    0,00    0,00    0,00    0,00    0,00  100,00

18:07:54     CPU    %usr   %nice    %sys %iowait    %irq   %soft  %steal  %guest  %gnice   %idle
18:08:04     all    0,01    0,00    0,04    0,01    0,00    0,00    0,00    0,00    0,00   99,94
18:08:04       0    0,00    0,00    0,00    0,00    0,00    0,00    0,00    0,00    0,00  100,00
18:08:04       1    0,00    0,00    0,00    0,00    0,00    0,00    0,00    0,00    0,00  100,00
18:08:04       2    0,00    0,00    0,00    0,00    0,00    0,00    0,00    0,00    0,00  100,00
18:08:04       3    0,00    0,00    0,00    0,10    0,00    0,00    0,00    0,00    0,00   99,90
18:08:04       4    0,00    0,00    0,10    0,00    0,00    0,00    0,00    0,00    0,00   99,90
18:08:04       5    0,00    0,00    0,10    0,00    0,00    0,00    0,00    0,00    0,00   99,90
18:08:04       6    0,00    0,00    0,00    0,00    0,00    0,00    0,00    0,00    0,00  100,00
18:08:04       7    0,10    0,00    0,10    0,00    0,00    0,00    0,00    0,00    0,00   99,80

18:08:04     CPU    %usr   %nice    %sys %iowait    %irq   %soft  %steal  %guest  %gnice   %idle
18:08:14     all    0,04    0,00    0,03    0,03    0,00    0,01    0,00    0,00    0,00   99,90
18:08:14       0    0,00    0,00    0,00    0,20    0,00    0,00    0,00    0,00    0,00   99,80
18:08:14       1    0,00    0,00    0,00    0,00    0,00    0,00    0,00    0,00    0,00  100,00
18:08:14       2    0,10    0,00    0,10    0,00    0,00    0,00    0,00    0,00    0,00   99,80
18:08:14       3    0,00    0,00    0,00    0,00    0,00    0,00    0,00    0,00    0,00  100,00
18:08:14       4    0,00    0,00    0,00    0,00    0,00    0,00    0,00    0,00    0,00  100,00
18:08:14       5    0,10    0,00    0,00    0,00    0,00    0,00    0,00    0,00    0,00   99,90
18:08:14       6    0,00    0,00    0,10    0,00    0,00    0,00    0,00    0,00    0,00   99,90
18:08:14       7    0,10    0,00    0,00    0,00    0,00    0,10    0,00    0,00    0,00   99,80

18:08:14     CPU    %usr   %nice    %sys %iowait    %irq   %soft  %steal  %guest  %gnice   %idle
18:08:24     all    0,00    0,00    0,03    0,01    0,00    0,00    0,00    0,00    0,00   99,96
18:08:24       0    0,00    0,00    0,00    0,10    0,00    0,00    0,00    0,00    0,00   99,90
18:08:24       1    0,00    0,00    0,00    0,00    0,00    0,00    0,00    0,00    0,00  100,00
18:08:24       2    0,00    0,00    0,00    0,00    0,00    0,00    0,00    0,00    0,00  100,00
18:08:24       3    0,00    0,00    0,10    0,00    0,00    0,00    0,00    0,00    0,00   99,90
18:08:24       4    0,00    0,00    0,00    0,00    0,00    0,00    0,00    0,00    0,00  100,00
18:08:24       5    0,00    0,00    0,10    0,00    0,00    0,00    0,00    0,00    0,00   99,90
18:08:24       6    0,00    0,00    0,00    0,00    0,00    0,00    0,00    0,00    0,00  100,00
18:08:24       7    0,00    0,00    0,00    0,00    0,00    0,00    0,00    0,00    0,00  100,00

18:08:24     CPU    %usr   %nice    %sys %iowait    %irq   %soft  %steal  %guest  %gnice   %idle
18:08:34     all    0,01    0,00    0,01    0,03    0,00    0,00    0,00    0,00    0,00   99,95
18:08:34       0    0,00    0,00    0,00    0,10    0,00    0,00    0,00    0,00    0,00   99,90
18:08:34       1    0,00    0,00    0,00    0,00    0,00    0,00    0,00    0,00    0,00  100,00
18:08:34       2    0,00    0,00    0,00    0,00    0,00    0,00    0,00    0,00    0,00  100,00
18:08:34       3    0,00    0,00    0,00    0,00    0,00    0,00    0,00    0,00    0,00  100,00
18:08:34       4    0,00    0,00    0,00    0,00    0,00    0,00    0,00    0,00    0,00  100,00
18:08:34       5    0,00    0,00    0,10    0,10    0,00    0,00    0,00    0,00    0,00   99,80
18:08:34       6    0,00    0,00    0,00    0,00    0,00    0,00    0,00    0,00    0,00  100,00
18:08:34       7    0,10    0,00    0,00    0,00    0,00    0,00    0,00    0,00    0,00   99,90

18:08:34     CPU    %usr   %nice    %sys %iowait    %irq   %soft  %steal  %guest  %gnice   %idle
18:08:44     all    0,00    0,00    0,03    0,01    0,00    0,00    0,00    0,00    0,00   99,96
18:08:44       0    0,00    0,00    0,00    0,10    0,00    0,00    0,00    0,00    0,00   99,90
18:08:44       1    0,00    0,00    0,00    0,00    0,00    0,00    0,00    0,00    0,00  100,00
18:08:44       2    0,00    0,00    0,00    0,00    0,00    0,00    0,00    0,00    0,00  100,00
18:08:44       3    0,00    0,00    0,00    0,00    0,00    0,00    0,00    0,00    0,00  100,00
18:08:44       4    0,00    0,00    0,10    0,00    0,00    0,00    0,00    0,00    0,00   99,90
18:08:44       5    0,00    0,00    0,00    0,00    0,00    0,00    0,00    0,00    0,00  100,00
18:08:44       6    0,00    0,00    0,10    0,00    0,00    0,00    0,00    0,00    0,00   99,90
18:08:44       7    0,00    0,00    0,00    0,00    0,00    0,00    0,00    0,00    0,00  100,00

18:08:44     CPU    %usr   %nice    %sys %iowait    %irq   %soft  %steal  %guest  %gnice   %idle
18:08:54     all    0,00    0,00    0,01    0,03    0,00    0,00    0,00    0,00    0,00   99,96
18:08:54       0    0,00    0,00    0,00    0,20    0,00    0,00    0,00    0,00    0,00   99,80
18:08:54       1    0,00    0,00    0,00    0,00    0,00    0,00    0,00    0,00    0,00  100,00
18:08:54       2    0,00    0,00    0,00    0,00    0,00    0,00    0,00    0,00    0,00  100,00
18:08:54       3    0,00    0,00    0,00    0,00    0,00    0,00    0,00    0,00    0,00  100,00
18:08:54       4    0,00    0,00    0,00    0,00    0,00    0,00    0,00    0,00    0,00  100,00
18:08:54       5    0,00    0,00    0,10    0,00    0,00    0,00    0,00    0,00    0,00   99,90
18:08:54       6    0,00    0,00    0,00    0,00    0,00    0,00    0,00    0,00    0,00  100,00
18:08:54       7    0,00    0,00    0,00    0,00    0,00    0,00    0,00    0,00    0,00  100,00

18:08:54     CPU    %usr   %nice    %sys %iowait    %irq   %soft  %steal  %guest  %gnice   %idle
18:09:04     all    0,00    0,00    0,05    0,01    0,00    0,00    0,00    0,00    0,00   99,94
18:09:04       0    0,00    0,00    0,10    0,10    0,00    0,00    0,00    0,00    0,00   99,80
18:09:04       1    0,00    0,00    0,00    0,00    0,00    0,00    0,00    0,00    0,00  100,00
18:09:04       2    0,00    0,00    0,10    0,00    0,00    0,00    0,00    0,00    0,00   99,90
18:09:04       3    0,00    0,00    0,00    0,00    0,00    0,00    0,00    0,00    0,00  100,00
18:09:04       4    0,00    0,00    0,00    0,00    0,00    0,00    0,00    0,00    0,00  100,00
18:09:04       5    0,00    0,00    0,10    0,00    0,00    0,00    0,00    0,00    0,00   99,90
18:09:04       6    0,00    0,00    0,00    0,00    0,00    0,00    0,00    0,00    0,00  100,00
18:09:04       7    0,00    0,00    0,10    0,00    0,00    0,00    0,00    0,00    0,00   99,90

18:09:04     CPU    %usr   %nice    %sys %iowait    %irq   %soft  %steal  %guest  %gnice   %idle
18:09:14     all    0,05    0,00    0,04    0,01    0,00    0,00    0,00    0,00    0,00   99,90
18:09:14       0    0,00    0,00    0,00    0,10    0,00    0,00    0,00    0,00    0,00   99,90
18:09:14       1    0,00    0,00    0,00    0,00    0,00    0,00    0,00    0,00    0,00  100,00
18:09:14       2    0,00    0,00    0,00    0,00    0,00    0,00    0,00    0,00    0,00  100,00
18:09:14       3    0,10    0,00    0,00    0,00    0,00    0,00    0,00    0,00    0,00   99,90
18:09:14       4    0,10    0,00    0,00    0,00    0,00    0,00    0,00    0,00    0,00   99,90
18:09:14       5    0,00    0,00    0,10    0,00    0,00    0,00    0,00    0,00    0,00   99,90
18:09:14       6    0,00    0,00    0,10    0,00    0,00    0,00    0,00    0,00    0,00   99,90
18:09:14       7    0,20    0,00    0,10    0,00    0,00    0,00    0,00    0,00    0,00   99,70

18:09:14     CPU    %usr   %nice    %sys %iowait    %irq   %soft  %steal  %guest  %gnice   %idle
18:09:24     all    0,01    0,00    0,00    0,01    0,00    0,00    0,00    0,00    0,00   99,97
18:09:24       0    0,00    0,00    0,00    0,10    0,00    0,00    0,00    0,00    0,00   99,90
18:09:24       1    0,10    0,00    0,00    0,00    0,00    0,00    0,00    0,00    0,00   99,90
18:09:24       2    0,00    0,00    0,00    0,00    0,00    0,00    0,00    0,00    0,00  100,00
18:09:24       3    0,00    0,00    0,00    0,00    0,00    0,00    0,00    0,00    0,00  100,00
18:09:24       4    0,00    0,00    0,00    0,00    0,00    0,00    0,00    0,00    0,00  100,00
18:09:24       5    0,00    0,00    0,00    0,00    0,00    0,00    0,00    0,00    0,00  100,00
18:09:24       6    0,00    0,00    0,00    0,00    0,00    0,00    0,00    0,00    0,00  100,00
18:09:24       7    0,00    0,00    0,00    0,00    0,00    0,00    0,00    0,00    0,00  100,00

18:09:24     CPU    %usr   %nice    %sys %iowait    %irq   %soft  %steal  %guest  %gnice   %idle
18:09:34     all    0,01    0,01    0,03    0,03    0,00    0,00    0,00    0,00    0,00   99,92
18:09:34       0    0,00    0,00    0,00    0,20    0,00    0,00    0,00    0,00    0,00   99,80
18:09:34       1    0,00    0,00    0,00    0,00    0,00    0,00    0,00    0,00    0,00  100,00
18:09:34       2    0,00    0,00    0,00    0,00    0,00    0,00    0,00    0,00    0,00  100,00
18:09:34       3    0,00    0,00    0,00    0,00    0,00    0,00    0,00    0,00    0,00  100,00
18:09:34       4    0,00    0,00    0,00    0,00    0,00    0,00    0,00    0,00    0,00  100,00
18:09:34       5    0,10    0,00    0,10    0,00    0,00    0,00    0,00    0,00    0,00   99,80
18:09:34       6    0,00    0,10    0,00    0,00    0,00    0,00    0,00    0,00    0,00   99,90
18:09:34       7    0,00    0,00    0,10    0,00    0,00    0,00    0,00    0,00    0,00   99,90

18:09:34     CPU    %usr   %nice    %sys %iowait    %irq   %soft  %steal  %guest  %gnice   %idle
18:09:44     all    0,00    0,00    0,00    0,01    0,00    0,00    0,00    0,00    0,00   99,99
18:09:44       0    0,00    0,00    0,00    0,10    0,00    0,00    0,00    0,00    0,00   99,90
18:09:44       1    0,00    0,00    0,00    0,00    0,00    0,00    0,00    0,00    0,00  100,00
18:09:44       2    0,00    0,00    0,00    0,00    0,00    0,00    0,00    0,00    0,00  100,00
18:09:44       3    0,00    0,00    0,00    0,00    0,00    0,00    0,00    0,00    0,00  100,00
18:09:44       4    0,00    0,00    0,00    0,00    0,00    0,00    0,00    0,00    0,00  100,00
18:09:44       5    0,00    0,00    0,00    0,00    0,00    0,00    0,00    0,00    0,00  100,00
18:09:44       6    0,00    0,00    0,00    0,00    0,00    0,00    0,00    0,00    0,00  100,00
18:09:44       7    0,00    0,00    0,00    0,00    0,00    0,00    0,00    0,00    0,00  100,00

18:09:44     CPU    %usr   %nice    %sys %iowait    %irq   %soft  %steal  %guest  %gnice   %idle
18:09:54     all    0,00    0,00    0,04    0,05    0,00    0,00    0,00    0,00    0,00   99,91
18:09:54       0    0,00    0,00    0,00    0,20    0,00    0,00    0,00    0,00    0,00   99,80
18:09:54       1    0,00    0,00    0,00    0,00    0,00    0,00    0,00    0,00    0,00  100,00
18:09:54       2    0,00    0,00    0,00    0,00    0,00    0,00    0,00    0,00    0,00  100,00
18:09:54       3    0,00    0,00    0,00    0,00    0,00    0,00    0,00    0,00    0,00  100,00
18:09:54       4    0,00    0,00    0,10    0,00    0,00    0,00    0,00    0,00    0,00   99,90
18:09:54       5    0,00    0,00    0,10    0,20    0,00    0,00    0,00    0,00    0,00   99,70
18:09:54       6    0,00    0,00    0,10    0,00    0,00    0,00    0,00    0,00    0,00   99,90
18:09:54       7    0,00    0,00    0,00    0,00    0,00    0,00    0,00    0,00    0,00  100,00

18:09:54     CPU    %usr   %nice    %sys %iowait    %irq   %soft  %steal  %guest  %gnice   %idle
18:10:04     all    0,03    0,00    0,04    0,04    0,00    0,00    0,00    0,00    0,00   99,90
18:10:04       0    0,00    0,00    0,10    0,20    0,00    0,00    0,00    0,00    0,00   99,70
18:10:04       1    0,00    0,00    0,10    0,00    0,00    0,00    0,00    0,00    0,00   99,90
18:10:04       2    0,10    0,00    0,00    0,00    0,00    0,00    0,00    0,00    0,00   99,90
18:10:04       3    0,00    0,00    0,00    0,00    0,00    0,00    0,00    0,00    0,00  100,00
18:10:04       4    0,00    0,00    0,00    0,00    0,00    0,00    0,00    0,00    0,00  100,00
18:10:04       5    0,10    0,00    0,00    0,00    0,00    0,00    0,00    0,00    0,00   99,90
18:10:04       6    0,00    0,00    0,00    0,00    0,00    0,00    0,00    0,00    0,00  100,00
18:10:04       7    0,00    0,00    0,10    0,10    0,00    0,00    0,00    0,00    0,00   99,80

18:10:04     CPU    %usr   %nice    %sys %iowait    %irq   %soft  %steal  %guest  %gnice   %idle
18:10:14     all    0,03    0,00    0,01    0,04    0,00    0,00    0,00    0,00    0,00   99,92
18:10:14       0    0,00    0,00    0,00    0,10    0,00    0,00    0,00    0,00    0,00   99,90
18:10:14       1    0,00    0,00    0,00    0,00    0,00    0,00    0,00    0,00    0,00  100,00
18:10:14       2    0,00    0,00    0,00    0,00    0,00    0,00    0,00    0,00    0,00  100,00
18:10:14       3    0,00    0,00    0,00    0,00    0,00    0,00    0,00    0,00    0,00  100,00
18:10:14       4    0,00    0,00    0,00    0,00    0,00    0,00    0,00    0,00    0,00  100,00
18:10:14       5    0,00    0,00    0,10    0,00    0,00    0,00    0,00    0,00    0,00   99,90
18:10:14       6    0,00    0,00    0,00    0,20    0,00    0,00    0,00    0,00    0,00   99,80
18:10:14       7    0,20    0,00    0,00    0,00    0,00    0,00    0,00    0,00    0,00   99,80

18:10:14     CPU    %usr   %nice    %sys %iowait    %irq   %soft  %steal  %guest  %gnice   %idle
18:10:24     all    0,00    0,00    0,03    0,01    0,00    0,00    0,00    0,00    0,00   99,96
18:10:24       0    0,00    0,00    0,10    0,00    0,00    0,00    0,00    0,00    0,00   99,90
18:10:24       1    0,00    0,00    0,00    0,00    0,00    0,00    0,00    0,00    0,00  100,00
18:10:24       2    0,00    0,00    0,00    0,00    0,00    0,00    0,00    0,00    0,00  100,00
18:10:24       3    0,00    0,00    0,00    0,00    0,00    0,00    0,00    0,00    0,00  100,00
18:10:24       4    0,00    0,00    0,00    0,00    0,00    0,00    0,00    0,00    0,00  100,00
18:10:24       5    0,00    0,00    0,10    0,00    0,00    0,00    0,00    0,00    0,00   99,90
18:10:24       6    0,00    0,00    0,00    0,10    0,00    0,00    0,00    0,00    0,00   99,90
18:10:24       7    0,00    0,00    0,00    0,00    0,00    0,00    0,00    0,00    0,00  100,00

18:10:24     CPU    %usr   %nice    %sys %iowait    %irq   %soft  %steal  %guest  %gnice   %idle
18:10:34     all    0,01    0,00    0,05    0,05    0,00    0,01    0,00    0,00    0,00   99,87
18:10:34       0    0,00    0,00    0,00    0,00    0,00    0,00    0,00    0,00    0,00  100,00
18:10:34       1    0,00    0,00    0,00    0,10    0,00    0,00    0,00    0,00    0,00   99,90
18:10:34       2    0,00    0,00    0,10    0,00    0,00    0,00    0,00    0,00    0,00   99,90
18:10:34       3    0,00    0,00    0,00    0,00    0,00    0,00    0,00    0,00    0,00  100,00
18:10:34       4    0,10    0,00    0,10    0,00    0,00    0,00    0,00    0,00    0,00   99,80
18:10:34       5    0,00    0,00    0,10    0,10    0,00    0,00    0,00    0,00    0,00   99,80
18:10:34       6    0,00    0,00    0,10    0,20    0,00    0,00    0,00    0,00    0,00   99,70
18:10:34       7    0,00    0,00    0,00    0,00    0,00    0,10    0,00    0,00    0,00   99,90

18:10:34     CPU    %usr   %nice    %sys %iowait    %irq   %soft  %steal  %guest  %gnice   %idle
18:10:44     all    0,04    0,00    0,01    0,01    0,00    0,00    0,00    0,00    0,00   99,94
18:10:44       0    0,10    0,00    0,00    0,00    0,00    0,00    0,00    0,00    0,00   99,90
18:10:44       1    0,00    0,00    0,00    0,00    0,00    0,00    0,00    0,00    0,00  100,00
18:10:44       2    0,00    0,00    0,00    0,00    0,00    0,00    0,00    0,00    0,00  100,00
18:10:44       3    0,10    0,00    0,00    0,00    0,00    0,00    0,00    0,00    0,00   99,90
18:10:44       4    0,00    0,00    0,00    0,00    0,00    0,00    0,00    0,00    0,00  100,00
18:10:44       5    0,10    0,00    0,00    0,00    0,00    0,00    0,00    0,00    0,00   99,90
18:10:44       6    0,00    0,00    0,00    0,10    0,00    0,00    0,00    0,00    0,00   99,90
18:10:44       7    0,00    0,00    0,10    0,00    0,00    0,00    0,00    0,00    0,00   99,90

18:10:44     CPU    %usr   %nice    %sys %iowait    %irq   %soft  %steal  %guest  %gnice   %idle
18:10:54     all    0,00    0,00    0,03    0,03    0,00    0,00    0,00    0,00    0,00   99,95
18:10:54       0    0,00    0,00    0,00    0,00    0,00    0,00    0,00    0,00    0,00  100,00
18:10:54       1    0,00    0,00    0,00    0,00    0,00    0,00    0,00    0,00    0,00  100,00
18:10:54       2    0,00    0,00    0,10    0,00    0,00    0,00    0,00    0,00    0,00   99,90
18:10:54       3    0,00    0,00    0,00    0,00    0,00    0,00    0,00    0,00    0,00  100,00
18:10:54       4    0,00    0,00    0,00    0,00    0,00    0,00    0,00    0,00    0,00  100,00
18:10:54       5    0,00    0,00    0,10    0,00    0,00    0,00    0,00    0,00    0,00   99,90
18:10:54       6    0,00    0,00    0,00    0,20    0,00    0,00    0,00    0,00    0,00   99,80
18:10:54       7    0,00    0,00    0,00    0,00    0,00    0,00    0,00    0,00    0,00  100,00

18:10:54     CPU    %usr   %nice    %sys %iowait    %irq   %soft  %steal  %guest  %gnice   %idle
18:11:04     all    0,01    0,00    0,00    0,03    0,00    0,00    0,00    0,00    0,00   99,96
18:11:04       0    0,00    0,00    0,00    0,00    0,00    0,00    0,00    0,00    0,00  100,00
18:11:04       1    0,00    0,00    0,00    0,00    0,00    0,00    0,00    0,00    0,00  100,00
18:11:04       2    0,00    0,00    0,00    0,00    0,00    0,00    0,00    0,00    0,00  100,00
18:11:04       3    0,00    0,00    0,00    0,00    0,00    0,00    0,00    0,00    0,00  100,00
18:11:04       4    0,00    0,00    0,00    0,00    0,00    0,00    0,00    0,00    0,00  100,00
18:11:04       5    0,00    0,00    0,00    0,00    0,00    0,00    0,00    0,00    0,00  100,00
18:11:04       6    0,00    0,00    0,00    0,20    0,00    0,00    0,00    0,00    0,00   99,80
18:11:04       7    0,10    0,00    0,00    0,00    0,00    0,00    0,00    0,00    0,00   99,90

18:11:04     CPU    %usr   %nice    %sys %iowait    %irq   %soft  %steal  %guest  %gnice   %idle
18:11:14     all    0,01    0,00    0,05    0,01    0,00    0,00    0,00    0,00    0,00   99,92
18:11:14       0    0,00    0,00    0,10    0,00    0,00    0,00    0,00    0,00    0,00   99,90
18:11:14       1    0,00    0,00    0,00    0,00    0,00    0,00    0,00    0,00    0,00  100,00
18:11:14       2    0,00    0,00    0,10    0,00    0,00    0,00    0,00    0,00    0,00   99,90
18:11:14       3    0,00    0,00    0,00    0,00    0,00    0,00    0,00    0,00    0,00  100,00
18:11:14       4    0,00    0,00    0,00    0,00    0,00    0,00    0,00    0,00    0,00  100,00
18:11:14       5    0,00    0,00    0,10    0,00    0,00    0,00    0,00    0,00    0,00   99,90
18:11:14       6    0,00    0,00    0,10    0,10    0,00    0,00    0,00    0,00    0,00   99,80
18:11:14       7    0,10    0,00    0,00    0,00    0,00    0,00    0,00    0,00    0,00   99,90

18:11:14     CPU    %usr   %nice    %sys %iowait    %irq   %soft  %steal  %guest  %gnice   %idle
18:11:24     all    0,01    0,00    0,00    0,00    0,00    0,00    0,00    0,00    0,00   99,99
18:11:24       0    0,00    0,00    0,00    0,00    0,00    0,00    0,00    0,00    0,00  100,00
18:11:24       1    0,00    0,00    0,00    0,00    0,00    0,00    0,00    0,00    0,00  100,00
18:11:24       2    0,10    0,00    0,00    0,00    0,00    0,00    0,00    0,00    0,00   99,90
18:11:24       3    0,00    0,00    0,00    0,00    0,00    0,00    0,00    0,00    0,00  100,00
18:11:24       4    0,00    0,00    0,00    0,00    0,00    0,00    0,00    0,00    0,00  100,00
18:11:24       5    0,00    0,00    0,00    0,00    0,00    0,00    0,00    0,00    0,00  100,00
18:11:24       6    0,00    0,00    0,00    0,00    0,00    0,00    0,00    0,00    0,00  100,00
18:11:24       7    0,00    0,00    0,00    0,00    0,00    0,00    0,00    0,00    0,00  100,00

18:11:24     CPU    %usr   %nice    %sys %iowait    %irq   %soft  %steal  %guest  %gnice   %idle
18:11:34     all    0,00    0,00    0,03    0,03    0,00    0,00    0,00    0,00    0,00   99,95
18:11:34       0    0,00    0,00    0,00    0,00    0,00    0,00    0,00    0,00    0,00  100,00
18:11:34       1    0,00    0,00    0,00    0,00    0,00    0,00    0,00    0,00    0,00  100,00
18:11:34       2    0,00    0,00    0,00    0,00    0,00    0,00    0,00    0,00    0,00  100,00
18:11:34       3    0,00    0,00    0,00    0,00    0,00    0,00    0,00    0,00    0,00  100,00
18:11:34       4    0,00    0,00    0,00    0,00    0,00    0,00    0,00    0,00    0,00  100,00
18:11:34       5    0,00    0,00    0,00    0,00    0,00    0,00    0,00    0,00    0,00  100,00
18:11:34       6    0,00    0,00    0,10    0,20    0,00    0,00    0,00    0,00    0,00   99,70
18:11:34       7    0,00    0,00    0,10    0,00    0,00    0,00    0,00    0,00    0,00   99,90

18:11:34     CPU    %usr   %nice    %sys %iowait    %irq   %soft  %steal  %guest  %gnice   %idle
18:11:44     all    0,01    0,00    0,01    0,03    0,00    0,00    0,00    0,00    0,00   99,95
18:11:44       0    0,00    0,00    0,00    0,00    0,00    0,00    0,00    0,00    0,00  100,00
18:11:44       1    0,00    0,00    0,00    0,00    0,00    0,00    0,00    0,00    0,00  100,00
18:11:44       2    0,00    0,00    0,00    0,00    0,00    0,00    0,00    0,00    0,00  100,00
18:11:44       3    0,00    0,00    0,10    0,00    0,00    0,00    0,00    0,00    0,00   99,90
18:11:44       4    0,10    0,00    0,00    0,00    0,00    0,00    0,00    0,00    0,00   99,90
18:11:44       5    0,00    0,00    0,00    0,00    0,00    0,00    0,00    0,00    0,00  100,00
18:11:44       6    0,00    0,00    0,00    0,20    0,00    0,00    0,00    0,00    0,00   99,80
18:11:44       7    0,00    0,00    0,00    0,00    0,00    0,00    0,00    0,00    0,00  100,00

18:11:44     CPU    %usr   %nice    %sys %iowait    %irq   %soft  %steal  %guest  %gnice   %idle
18:11:54     all    0,01    0,00    0,06    0,04    0,00    0,00    0,00    0,00    0,00   99,89
18:11:54       0    0,00    0,00    0,10    0,00    0,00    0,00    0,00    0,00    0,00   99,90
18:11:54       1    0,10    0,00    0,00    0,00    0,00    0,00    0,00    0,00    0,00   99,90
18:11:54       2    0,00    0,00    0,10    0,00    0,00    0,00    0,00    0,00    0,00   99,90
18:11:54       3    0,00    0,00    0,00    0,10    0,00    0,00    0,00    0,00    0,00   99,90
18:11:54       4    0,00    0,00    0,10    0,00    0,00    0,00    0,00    0,00    0,00   99,90
18:11:54       5    0,00    0,00    0,10    0,00    0,00    0,00    0,00    0,00    0,00   99,90
18:11:54       6    0,00    0,00    0,10    0,10    0,00    0,00    0,00    0,00    0,00   99,80
18:11:54       7    0,00    0,00    0,00    0,10    0,00    0,00    0,00    0,00    0,00   99,90

:  CPU    %usr   %nice    %sys %iowait    %irq   %soft  %steal  %guest  %gnice   %idle
:  all    0,01    0,00    0,03    0,02    0,00    0,00    0,00    0,00    0,00   99,93
:    0    0,01    0,00    0,02    0,03    0,00    0,00    0,00    0,00    0,00   99,95
:    1    0,02    0,00    0,03    0,04    0,00    0,00    0,00    0,00    0,00   99,91
:    2    0,02    0,00    0,03    0,02    0,00    0,00    0,00    0,00    0,00   99,93
:    3    0,01    0,00    0,01    0,01    0,00    0,00    0,00    0,00    0,00   99,98
:    4    0,01    0,00    0,02    0,01    0,00    0,00    0,00    0,00    0,00   99,96
:    5    0,02    0,00    0,06    0,02    0,00    0,00    0,00    0,00    0,00   99,90
:    6    0,01    0,00    0,04    0,05    0,00    0,00    0,00    0,00    0,00   99,90
:    7    0,04    0,00    0,04    0,01    0,00    0,01    0,00    0,00    0,00   99,91
