Linux 6.8.0-90-generic (theredhothabanero) 	14.12.2025 	_x86_64_	(8 CPU)

18:28:54      runq-sz  plist-sz   ldavg-1   ldavg-5  ldavg-15   blocked
18:29:04            0       579      0,00      0,00      0,09         0
18:29:14            1       579      0,00      0,00      0,09         0
18:29:24            1       578      0,00      0,00      0,09         0
18:29:34            2       578      0,00      0,00      0,09         0
18:29:44            1       578      0,00      0,00      0,09         0
18:29:54            1       578      0,00      0,00      0,09         0
18:30:04            1       578      0,00      0,00      0,09         0
18:30:14            1       578      0,15      0,03      0,10         0
18:30:24            1       578      0,12      0,03      0,09         0
18:30:34            1       578      0,10      0,03      0,09         0
18:30:44            1       578      0,09      0,03      0,09         0
18:30:54            1       578      0,07      0,03      0,09         0
18:31:04            1       578      0,06      0,03      0,09         0
18:31:14            1       578      0,05      0,02      0,09         0
18:31:24            1       578      0,04      0,02      0,09         0
18:31:34            1       578      0,04      0,02      0,09         0
18:31:44            1       578      0,03      0,02      0,08         0
18:31:54            1       579      0,02      0,02      0,08         0
18:32:04            1       578      0,02      0,02      0,08         0
18:32:14            4       579      0,02      0,02      0,08         1
18:32:24            1       580      0,01      0,02      0,08         0
18:32:34            1       580      0,01      0,02      0,08         0
18:32:44            1       580      0,01      0,02      0,08         0
18:32:54            1       580      0,01      0,02      0,08         0
18:33:04            1       580      0,01      0,01      0,08         0
18:33:14            1       580      0,00      0,01      0,08         0
18:33:24            1       580      0,00      0,01      0,07         0
18:33:34            1       580      0,00      0,01      0,07         0
18:33:44            1       580      0,00      0,01      0,07         0
18:33:54            1       580      0,00      0,01      0,07         0
18:34:04            1       580      0,00      0,01      0,07         0
18:34:14            1       580      0,00      0,01      0,07         0
18:34:24            1       580      0,00      0,01      0,07         0
18:34:34            1       580      0,00      0,01      0,07         0
18:34:44            1       580      0,00      0,00      0,07         0
18:34:54            1       580      0,00      0,00      0,07         0
18:35:04            1       580      0,00      0,00      0,06         0
18:35:14            1       580      0,00      0,00      0,06         0
18:35:24            1       580      0,00      0,00      0,06         0
18:35:34            1       580      0,00      0,00      0,06         0
18:35:44            1       580      0,00      0,00      0,06         0
18:35:54            1       580      0,00      0,00      0,06         0
18:36:04            1       580      0,00      0,00      0,06         0
18:36:14            1       580      0,00      0,00      0,06         0
18:36:24            1       580      0,00      0,00      0,06         0
18:36:34            1       580      0,00      0,00      0,06         0
18:36:44            1       580      0,00      0,00      0,06         0
18:36:54            1       580      0,00      0,00      0,05         0
18:37:04            1       580      0,00      0,00      0,05         0
18:37:14            1       580      0,00      0,00      0,05         0
18:37:24            1       579      0,00      0,00      0,05         0
18:37:34            1       579      0,00      0,00      0,05         0
18:37:44            1       578      0,00      0,00      0,05         0
18:37:54            1       578      0,00      0,00      0,05         0
18:38:04            1       578      0,00      0,00      0,05         0
18:38:14            1       578      0,00      0,00      0,05         0
18:38:24            1       578      0,00      0,00      0,05         0
18:38:34            1       578      0,00      0,00      0,04         0
18:38:44            1       578      0,00      0,00      0,04         0
18:38:54            1       578      0,00      0,00      0,04         0
18:39:04            1       578      0,00      0,00      0,04         0
18:39:14            1       578      0,00      0,00      0,04         0
18:39:24            1       578      0,00      0,00      0,04         0
18:39:34            2       578      0,00      0,00      0,04         0
18:39:44            1       578      0,00      0,00      0,04         0
18:39:54            1       578      0,00      0,00      0,04         0
18:40:04            1       578      0,00      0,00      0,04         0
18:40:14            1       578      0,00      0,00      0,03         0
18:40:24            1       578      0,00      0,00      0,03         0
18:40:34            1       578      0,00      0,00      0,03         0
18:40:44            1       578      0,00      0,00      0,03         0
18:40:54            1       578      0,00      0,00      0,03         0
18:41:04            1       578      0,00      0,00      0,03         0
18:41:14            1       578      0,00      0,00      0,03         0
18:41:24            1       578      0,00      0,00      0,03         0
18:41:34            1       578      0,00      0,00      0,03         0
18:41:44            1       578      0,00      0,00      0,03         0
18:41:54            1       579      0,00      0,00      0,02         0
18:42:04            1       578      0,00      0,00      0,02         0
18:42:14            1       578      0,00      0,00      0,02         0
18:42:24            1       578      0,00      0,00      0,02         0
18:42:34            1       578      0,00      0,00      0,02         0
18:42:44            1       578      0,00      0,00      0,02         0
18:42:54            1       578      0,00      0,00      0,02         0
18:43:04            1       578      0,00      0,00      0,02         0
18:43:14            1       578      0,00      0,00      0,02         0
18:43:24            1       578      0,00      0,00      0,02         0
18:43:34            1       578      0,00      0,00      0,02         0
18:43:44            1       578      0,00      0,00      0,01         0
18:43:54            1       578      0,00      0,00      0,01         0
18:44:04            1       578      0,00      0,00      0,01         0
18:44:14            1       578      0,00      0,00      0,01         0
18:44:24            1       578      0,00      0,00      0,01         0
18:44:34            1       578      0,00      0,00      0,01         0
18:44:44            1       578      0,00      0,00      0,01         0
18:44:54            1       578      0,00      0,00      0,01         0
18:45:04            1       578      0,00      0,00      0,01         0
18:45:14            1       578      0,00      0,00      0,01         0
18:45:24            1       577      0,00      0,00      0,00         0
18:45:34            1       577      0,00      0,00      0,00         0
18:45:44            1       577      0,00      0,00      0,00         0
18:45:54            1       577      0,00      0,00      0,00         0
18:46:04            1       577      0,00      0,00      0,00         0
18:46:14            1       577      0,00      0,00      0,00         0
18:46:24            1       577      0,00      0,00      0,00         0
18:46:34            1       577      0,00      0,00      0,00         0
18:46:44            1       577      0,00      0,00      0,00         0
18:46:54            1       577      0,00      0,00      0,00         0
18:47:04            1       577      0,00      0,00      0,00         0
18:47:14            1       577      0,00      0,00      0,00         0
18:47:24            1       577      0,00      0,00      0,00         0
18:47:34            1       577      0,00      0,00      0,00         0
18:47:44            1       577      0,00      0,00      0,00         0
18:47:54            1       577      0,00      0,00      0,00         0
18:48:04            1       577      0,00      0,00      0,00         0
18:48:14            1       577      0,00      0,00      0,00         0
18:48:24            1       577      0,00      0,00      0,00         0
18:48:34            1       577      0,00      0,00      0,00         0
18:48:44            1       577      0,00      0,00      0,00         0
18:48:54            1       577      0,00      0,00      0,00         0
18:49:04            1       577      0,00      0,00      0,00         0
18:49:14            1       577      0,00      0,00      0,00         0
18:49:24            1       577      0,00      0,00      0,00         0
18:49:34            1       577      0,00      0,00      0,00         0
18:49:44            1       577      0,00      0,00      0,00         0
18:49:54            1       577      0,08      0,02      0,01         0
18:50:04            1       577      0,07      0,02      0,00         0
18:50:14            1       577      0,06      0,01      0,00         0
18:50:24            1       577      0,05      0,01      0,00         0
18:50:34            1       577      0,04      0,01      0,00         0
18:50:44            1       577      0,03      0,01      0,00         0
18:50:54            1       577      0,03      0,01      0,00         0
18:51:04            1       577      0,02      0,01      0,00         0
18:51:14            1       577      0,02      0,01      0,00         0
18:51:24            1       577      0,02      0,01      0,00         0
18:51:34            1       577      0,01      0,01      0,00         0
18:51:44            1       577      0,01      0,01      0,00         0
18:51:54            1       578      0,01      0,00      0,00         0
18:52:04            1       577      0,01      0,00      0,00         0
18:52:14            1       577      0,00      0,00      0,00         0
18:52:24            1       577      0,00      0,00      0,00         0
18:52:34            1       577      0,00      0,00      0,00         0
18:52:44            1       577      0,00      0,00      0,00         0
18:52:54            1       577      0,00      0,00      0,00         0
18:53:04            1       577      0,00      0,00      0,00         0
18:53:14            1       577      0,00      0,00      0,00         0
18:53:24            1       577      0,00      0,00      0,00         0
18:53:34            1       577      0,00      0,00      0,00         0
18:53:44            1       577      0,00      0,00      0,00         0
18:53:54            1       577      0,00      0,00      0,00         0
18:54:04            1       577      0,00      0,00      0,00         0
18:54:14            1       577      0,00      0,00      0,00         0
18:54:24            1       577      0,00      0,00      0,00         0
18:54:34            1       577      0,00      0,00      0,00         0
18:54:44            1       577      0,00      0,00      0,00         0
18:54:54            1       577      0,00      0,00      0,00         0
18:55:04            1       577      0,00      0,00      0,00         0
18:55:14            1       578      0,00      0,00      0,00         0
18:55:24            1       578      0,00      0,00      0,00         0
18:55:34            1       578      0,00      0,00      0,00         0
18:55:44            1       578      0,00      0,00      0,00         0
18:55:54            1       578      0,00      0,00      0,00         0
18:56:04            1       578      0,00      0,00      0,00         0
18:56:14            1       578      0,00      0,00      0,00         0
18:56:24            1       578      0,00      0,00      0,00         0
18:56:34            1       578      0,00      0,00      0,00         0
18:56:44            1       578      0,00      0,00      0,00         0
18:56:54            1       578      0,00      0,00      0,00         0
18:57:04            1       578      0,00      0,00      0,00         0
18:57:14            1       578      0,00      0,00      0,00         0
18:57:24            1       578      0,00      0,00      0,00         0
18:57:34            1       578      0,00      0,00      0,00         0
18:57:44            1       578      0,00      0,00      0,00         0
18:57:54            1       578      0,00      0,00      0,00         0
18:58:04            1       578      0,00      0,00      0,00         0
18:58:14            1       578      0,00      0,00      0,00         0
18:58:24            1       578      0,00      0,00      0,00         0
18:58:34            1       578      0,00      0,00      0,00         0
18:58:44            1       578      0,00      0,00      0,00         0
18:58:54            1       578      0,00      0,00      0,00         0
18:59:04            1       578      0,00      0,00      0,00         0
18:59:14            1       578      0,00      0,00      0,00         0
18:59:24            1       578      0,00      0,00      0,00         0
18:59:34            1       578      0,00      0,00      0,00         0
18:59:44            1       578      0,00      0,00      0,00         0
18:59:54            1       578      0,00      0,00      0,00         0
19:00:04            1       578      0,00      0,00      0,00         0
19:00:14            1       577      0,00      0,00      0,00         0
19:00:24            1       577      0,00      0,00      0,00         0
19:00:34            1       577      0,00      0,00      0,00         0
19:00:44            1       577      0,00      0,00      0,00         0
19:00:54            1       577      0,00      0,00      0,00         0
19:01:04            1       577      0,00      0,00      0,00         0
19:01:14            1       577      0,00      0,00      0,00         0
19:01:24            1       577      0,00      0,00      0,00         0
19:01:34            1       577      0,00      0,00      0,00         0
19:01:44            1       577      0,00      0,00      0,00         0
19:01:54            1       578      0,00      0,00      0,00         0
19:02:04            1       577      0,00      0,00      0,00         0
19:02:14            1       577      0,00      0,00      0,00         0
19:02:24            1       577      0,00      0,00      0,00         0
19:02:34            1       577      0,00      0,00      0,00         0
19:02:44            1       577      0,00      0,00      0,00         0
19:02:54            1       577      0,00      0,00      0,00         0
19:03:04            1       577      0,00      0,00      0,00         0
19:03:14            1       577      0,00      0,00      0,00         0
19:03:24            1       577      0,00      0,00      0,00         0
19:03:34            1       577      0,00      0,00      0,00         0
19:03:44            1       577      0,00      0,00      0,00         0
19:03:54            1       577      0,00      0,00      0,00         0
19:04:04            1       577      0,00      0,00      0,00         0
19:04:14            1       577      0,00      0,00      0,00         0
19:04:24            1       577      0,00      0,00      0,00         0
19:04:34            1       577      0,00      0,00      0,00         0
19:04:44            1       577      0,00      0,00      0,00         0
19:04:54            1       577      0,00      0,00      0,00         0
19:05:04            1       577      0,00      0,00      0,00         0
19:05:14            1       578      0,00      0,00      0,00         0
19:05:24            1       578      0,00      0,00      0,00         0
19:05:34            1       578      0,00      0,00      0,00         0
19:05:44            1       578      0,00      0,00      0,00         0
19:05:54            1       578      0,00      0,00      0,00         0
19:06:04            1       578      0,00      0,00      0,00         0
19:06:14            1       578      0,00      0,00      0,00         0
19:06:24            1       578      0,00      0,00      0,00         0
19:06:34            1       578      0,00      0,00      0,00         0
19:06:44            1       578      0,00      0,00      0,00         0
19:06:54            1       578      0,00      0,00      0,00         0
19:07:04            1       578      0,00      0,00      0,00         0
19:07:14            1       578      0,00      0,00      0,00         0
19:07:24            1       578      0,00      0,00      0,00         0
19:07:34            1       578      0,00      0,00      0,00         0
19:07:44            1       578      0,00      0,00      0,00         0
19:07:54            1       578      0,00      0,00      0,00         0
19:08:04            1       578      0,00      0,00      0,00         0
19:08:14            1       578      0,00      0,00      0,00         0
19:08:24            1       578      0,00      0,00      0,00         0
19:08:34            2       578      0,00      0,00      0,00         0
19:08:44            1       578      0,00      0,00      0,00         0
19:08:54            1       577      0,00      0,00      0,00         0
Среднее:         1       578      0,01      0,00      0,02         0
