procs -----------memory---------- ---swap-- -----io---- -system-- ------cpu-----
 r  b   swpd   free   buff  cache   si   so    bi    bo   in   cs us sy id wa st
 3  0 865256 4691464  18416 723300  403  489  1776   509  334  340  1  3 95  1  0
 1  0 865256 4691464  18424 723332    0    0     0     9  294  180  0  0 100  0  0
 1  0 865256 4691464  18432 723332    0    0     0     2  273  176  0  0 100  0  0
 1  0 865256 4691240  18440 723332    1    0     1     8  267  166  0  0 100  0  0
 2  0 865256 4691240  18448 723332    0    0     0     2  265  160  0  0 100  0  0
 1  0 865256 4691016  18456 723332    0    0     0     2  233  144  0  0 100  0  0
 1  0 865256 4691016  18464 723336    0    0     0     3  185  110  0  0 100  0  0
 1  0 865256 4690796  18484 723344    0    0     1     7  209  116  0  0 100  0  0
 1  0 865256 4690796  18492 723344    0    0     0    25  187  110  0  0 100  0  0
 0  0 865256 4690796  18500 723344    0    0     0     2  180  110  0  0 100  0  0
 0  0 865256 4690796  18508 723348    1    0     1     7  215  121  0  0 100  0  0
 0  0 865256 4690796  18516 723348    0    0     0     3  178  104  0  0 100  0  0
 0  0 865256 4690828  18524 723348    0    0     0     2  180  105  0  0 100  0  0
 0  0 865256 4690828  18532 723348    0    0     0     2  200  119  0  0 100  0  0
 0  0 865256 4690828  18540 723352    0    0     0     4  187  115  0  0 100  0  0
 0  0 865256 4690828  18548 723352    0    0     0     3  170   98  0  0 100  0  0
 0  0 865256 4690604  18556 723352    0    0     0     2  178  100  0  0 100  0  0
 0  0 865256 4690604  18564 723352    0    0     0     2  163   91  0  0 100  0  0
 0  0 865256 4690604  18584 723356    1    0     1    16  199  124  0  0 100  0  0
 0  0 865256 4690604  18592 723356    1    0     1     7  189  107  0  0 100  0  0
 3  0 865000 4690604  18608 723348    4    0    10     2  190  113  0  0 100  0  0
procs -----------memory---------- ---swap-- -----io---- -system-- ------cpu-----
 r  b   swpd   free   buff  cache   si   so    bi    bo   in   cs us sy id wa st
 0  0 865000 4690604  18616 723544    0    0     0    30  195  122  0  0 100  0  0
 0  0 865000 4690604  18624 723548    0    0     0     6  179   96  0  0 100  0  0
 0  0 865000 4690604  18632 723548    0    0     0     3  178  102  0  0 100  0  0
 0  0 865000 4690604  18640 723548    0    0     0     5  175  104  0  0 100  0  0
 0  0 865000 4690604  18648 723548    0    0     0     2  186  109  0  0 100  0  0
 0  0 865000 4690412  18656 723548    0    0     0     2  175  105  0  0 100  0  0
 0  0 865000 4690444  18664 723552    0    0     0     3  163   90  0  0 100  0  0
 0  0 865000 4690444  18672 723552    0    0     0     5  163   93  0  0 100  0  0
 0  0 865000 4690444  18680 723552    0    0     0     2  174   97  0  0 100  0  0
 0  0 865000 4690220  18688 723552    0    0     0     2  172  102  0  0 100  0  0
 0  0 865000 4690220  18696 723556    0    0     0     3  180  101  0  0 100  0  0
 0  0 865000 4690220  18704 723556    0    0     0     5  173  103  0  0 100  0  0
 0  0 865000 4690220  18712 723556    0    0     0     2  171  106  0  0 100  0  0
 0  0 865000 4690220  18720 723556    0    0     0     2  170   96  0  0 100  0  0
 0  0 865000 4690220  18728 723560    0    0     0     3  175  101  0  0 100  0  0
 0  0 865000 4689996  18736 723564    0    0     0     5  175   99  0  0 100  0  0
 0  0 865000 4689996  18744 723564    0    0     0     2  199  109  0  0 100  0  0
 0  0 865000 4689996  18760 723564    0    0     0    29  175  109  0  0 100  0  0
 0  0 865000 4689996  18768 723568    0    0     0     5  160   97  0  0 100  0  0
 0  0 865000 4689996  18776 723568    0    0     0     4  227  125  0  0 100  0  0
 0  0 865000 4695200  18784 723568    0    0     0     2  174   96  0  0 100  0  0
procs -----------memory---------- ---swap-- -----io---- -system-- ------cpu-----
 r  b   swpd   free   buff  cache   si   so    bi    bo   in   cs us sy id wa st
 0  0 865000 4695008  18792 723568    0    0     0     2  172  101  0  0 100  0  0
 0  0 865000 4695008  18800 723568    0    0     0     2  176  103  0  0 100  0  0
 0  0 865000 4694784  18808 723576    0    0     0     3  183  109  0  0 100  0  0
 0  0 865000 4694784  18816 723576    0    0     0     5  182  112  0  0 100  0  0
 0  0 865000 4694560  18824 723576    0    0     0     2  191  106  0  0 100  0  0
 0  0 865000 4694560  18832 723576    0    0     0     2  174   99  0  0 100  0  0
 0  0 865000 4694056  18848 723584    0    0     0    14  186  112  0  0 100  0  0
 0  0 865000 4693832  18856 723584    0    0     0     5  190  112  0  0 100  0  0
 0  0 865000 4693608  18864 723584    0    0     0     2  179  112  0  0 100  0  0
 0  0 865000 4693384  18872 723584    0    0     0     2  171   97  0  0 100  0  0
 0  0 865000 4693384  18880 723588    0    0     0     4  167   95  0  0 100  0  0
 0  0 865000 4693384  18888 723588    0    0     0     4  176   98  0  0 100  0  0
 0  0 865000 4693160  18896 723588    0    0     0     2  186  109  0  0 100  0  0
 0  0 865000 4693160  18904 723588    0    0     0     2  177   97  0  0 100  0  0
 0  0 865000 4693160  18912 723596    2    0     2     4  184  107  0  0 100  0  0
 0  0 865000 4693160  18920 723596    0    0     0     4  168   94  0  0 100  0  0
 0  0 865000 4692936  18928 723596    0    0     0     2  171   93  0  0 100  0  0
 0  0 865000 4692936  18936 723596    0    0     0     2  165   91  0  0 100  0  0
 0  0 865000 4692936  18944 723600    0    0     0     3  163   93  0  0 100  0  0
 0  0 865000 4692936  18952 723600    0    0     0     5  176   99  0  0 100  0  0
 0  0 865000 4692936  18960 723600    0    0     0     2  174  103  0  0 100  0  0
procs -----------memory---------- ---swap-- -----io---- -system-- ------cpu-----
 r  b   swpd   free   buff  cache   si   so    bi    bo   in   cs us sy id wa st
 0  0 865000 4692936  18968 723600    1    0     1     2  175  107  0  0 100  0  0
 0  0 865000 4692712  18976 723600    0    0     0     2  170   98  0  0 100  0  0
 0  0 865000 4692712  18984 723604    0    0     0     3  166   94  0  0 100  0  0
 0  0 865000 4692712  18992 723604    0    0     0     5  166   97  0  0 100  0  0
 0  0 865000 4692712  19008 723604    0    0     0     4  174  101  0  0 100  0  0
 0  0 865000 4692712  19016 723604    0    0     0     3  179  106  0  0 100  0  0
 0  0 865000 4692488  19024 723608    0    0     0     4  165   98  0  0 100  0  0
 0  0 865000 4692488  19032 723608    0    0     0     4  221  115  0  0 100  0  0
 0  0 865000 4692488  19040 723608    0    0     0     2  171   93  0  0 100  0  0
 0  0 865000 4692488  19048 723608    0    0     0     2  166   90  0  0 100  0  0
 0  0 865000 4692488  19056 723612    0    0     0     3  173   93  0  0 100  0  0
 0  0 865000 4692488  19064 723612    0    0     0     5  179  102  0  0 100  0  0
 0  0 865000 4692488  19072 723612    0    0     0     2  162   93  0  0 100  0  0
 0  0 865000 4692488  19080 723612    0    0     0     2  166   91  0  0 100  0  0
 0  0 865000 4692488  19088 723616    0    0     0     3  170   92  0  0 100  0  0
 0  0 865000 4692488  19112 723616    2    0     2    17  196  115  0  0 100  0  0
 0  0 865000 4692488  19120 723616    0    0     0     2  180  100  0  0 100  0  0
 0  0 865000 4692488  19128 723616    1    0     1     2  171  102  0  0 100  0  0
 0  0 865000 4692488  19136 723616    0    0     0     2  167   94  0  0 100  0  0
 0  0 865000 4692264  19144 723624    0    0     0     3  164   90  0  0 100  0  0
 0  0 865000 4692264  19152 723624    1    0     1     5  161   91  0  0 100  0  0
procs -----------memory---------- ---swap-- -----io---- -system-- ------cpu-----
 r  b   swpd   free   buff  cache   si   so    bi    bo   in   cs us sy id wa st
 0  0 865000 4692264  19160 723624    0    0     0     2  173   94  0  0 100  0  0
 0  0 865000 4691816  19168 723624    0    0     0     2  173   95  0  0 100  0  0
 0  0 865000 4691592  19176 723628    0    0     0     4  180  101  0  0 100  0  0
 0  0 865000 4691592  19184 723628    0    0     0     4  172   92  0  0 100  0  0
 0  0 865000 4691368  19192 723628    0    0     0     2  171   92  0  0 100  0  0
 0  0 865000 4691368  19200 723632    0    0     0     3  166   94  0  0 100  0  0
 0  0 865000 4691368  19208 723636    0    0     0     4  178   98  0  0 100  0  0
 0  0 865000 4691144  19216 723640    0    0     0     5  178   95  0  0 100  0  0
 0  0 865000 4691144  19224 723640    1    0     1     2  179  104  0  0 100  0  0
 0  0 865000 4691144  19232 723640    0    0     0     2  179  110  0  0 100  0  0
 0  0 865000 4691144  19240 723644    0    0     0     3  174   98  0  0 100  0  0
 0  0 865000 4690920  19248 723644    0    0     0     5  166   91  0  0 100  0  0
 0  0 865000 4690920  19256 723644    0    0     0     2  168   91  0  0 100  0  0
 0  0 865000 4690704  19272 723648    1    0     1     6  198  109  0  0 100  0  0
 0  0 865000 4690704  19288 723656    0    0     0    31  190  114  0  0 100  0  0
 0  0 865000 4690480  19296 723656    0    0     0     6  164   96  0  0 100  0  0
 0  0 865000 4690512  19304 723656    0    0     0     2  200  111  0  0 100  0  0
 0  0 865000 4690512  19312 723656    0    0     0     2  167   94  0  0 100  0  0
 0  0 865000 4690512  19320 723656    0    0     0     2  170   99  0  0 100  0  0
 0  0 865000 4690512  19328 723660    0    0     0     4  179  100  0  0 100  0  0
 0  0 865000 4690512  19336 723660    0    0     0     4  168   98  0  0 100  0  0
procs -----------memory---------- ---swap-- -----io---- -system-- ------cpu-----
 r  b   swpd   free   buff  cache   si   so    bi    bo   in   cs us sy id wa st
 0  0 865000 4690512  19344 723660    0    0     0     2  186  120  0  0 100  0  0
 0  0 865000 4690512  19352 723660    0    0     0     2  168   96  0  0 100  0  0
 0  0 865000 4690512  19360 723664    0    0     0     3  164   97  0  0 100  0  0
 0  0 865000 4690512  19384 723664    2    0     2    17  181  106  0  0 100  0  0
 0  0 865000 4690512  19392 723664    0    0     0     2  172   98  0  0 100  0  0
 0  0 865000 4690512  19400 723664    0    0     0     2  176  107  0  0 100  0  0
 0  0 865000 4690512  19408 723668    0    0     0     3  161   95  0  0 100  0  0
 0  0 865000 4690512  19416 723668    0    0     0     5  163   92  0  0 100  0  0
 0  0 865000 4690512  19424 723672    0    0     0     3  166   93  0  0 100  0  0
 0  0 865000 4690288  19432 723672    0    0     0     4  172   98  0  0 100  0  0
 1  0 865000 4690288  19440 723680    0    0     0     4  177  101  0  0 100  0  0
 0  0 865000 4690064  19448 723680    0    0     0     4  169  102  0  0 100  0  0
 0  0 865000 4690064  19456 723680    0    0     0     2  160   93  0  0 100  0  0
 0  0 865000 4689840  19464 723684    0    0     0     2  173   96  0  0 100  0  0
 0  0 865000 4689840  19472 723684    1    0     1     2  158   94  0  0 100  0  0
 0  0 865000 4689840  19480 723688    0    0     0     3  168   95  0  0 100  0  0
 0  0 865000 4689840  19488 723688    1    0     1     5  187  104  0  0 100  0  0
 0  0 865000 4689872  19496 723688    2    0     2     2  173  103  0  0 100  0  0
 0  0 865000 4689872  19504 723688    0    0     0     2  166   96  0  0 100  0  0
 0  0 865000 4689872  19512 723692    0    0     0     3  165   91  0  0 100  0  0
 0  0 865000 4689648  19520 723692    2    0     2     5  162   96  0  0 100  0  0
procs -----------memory---------- ---swap-- -----io---- -system-- ------cpu-----
 r  b   swpd   free   buff  cache   si   so    bi    bo   in   cs us sy id wa st
 0  0 865000 4689648  19528 723692    0    0     0     2  170  100  0  0 100  0  0
 0  0 865000 4689648  19544 723696    2    0     2     4  186  110  0  0 100  0  0
 0  0 865000 4689648  19552 723696    0    0     0     3  201  135  0  0 100  0  0
 0  0 865000 4689424  19560 723696    0    0     0     5  164   97  0  0 100  0  0
 0  0 865000 4689424  19568 723696    0    0     0     2  215  108  0  0 100  0  0
 0  0 865000 4689424  19576 723696    0    0     0     2  161   92  0  0 100  0  0
 0  0 865000 4691884  19584 723700    0    0     0     3  170   96  0  0 100  0  0
 0  0 865000 4691884  19592 723704    0    0     0     5  194  110  0  0 100  0  0
 0  0 865000 4691884  19600 723704    0    0     0     2  170  104  0  0 100  0  0
 0  0 865000 4691884  19608 723708    0    0     0     4  163   97  0  0 100  0  0
 0  0 865000 4691884  19616 723712    0    0     0     4  170   99  0  0 100  0  0
 0  0 865000 4691884  19624 723712    0    0     0     5  176  103  0  0 100  0  0
 0  0 865000 4691632  19640 723712    1    0     1    14  204  116  0  0 100  0  0
 0  0 865000 4691632  19648 723712    0    0     0     2  188  103  0  0 100  0  0
 0  0 865000 4691408  19656 723712    2    0     2     2  175  108  0  0 100  0  0
 0  0 865000 4691184  19664 723716    0    0     0     3  172  108  0  0 100  0  0
 0  0 865000 4691184  19672 723720    0    0     0     5  173   96  0  0 100  0  0
 0  0 865000 4690960  19680 723720    0    0     0     2  167   99  0  0 100  0  0
 0  0 865000 4690960  19688 723720    0    0     0     2  179   99  0  0 100  0  0
 0  0 865000 4690960  19696 723724    0    0     0     3  180  101  0  0 100  0  0
 0  0 865000 4690960  19704 723724    1    0     1     5  179  105  0  0 100  0  0
procs -----------memory---------- ---swap-- -----io---- -system-- ------cpu-----
 r  b   swpd   free   buff  cache   si   so    bi    bo   in   cs us sy id wa st
 0  0 865000 4690736  19712 723724    0    0     0     2  161   94  0  0 100  0  0
 0  0 865000 4690736  19720 723724    0    0     0     2  181   97  0  0 100  0  0
 0  0 865000 4690736  19728 723728    0    0     0     3  173   94  0  0 100  0  0
 0  0 865000 4690736  19736 723728    0    0     0     5  181   95  0  0 100  0  0
 0  0 865000 4690736  19744 723728    0    0     0     2  181  100  0  0 100  0  0
 0  0 865000 4690512  19752 723732    0    0     0     2  181  104  0  0 100  0  0
 0  0 865000 4690512  19760 723732    0    0     0     3  173  103  0  0 100  0  0
 0  0 865000 4690512  19768 723732    0    0     0     5  184  108  0  0 100  0  0
 0  0 865000 4690512  19776 723732    0    0     0     2  169   95  0  0 100  0  0
 0  0 865000 4690512  19784 723736    0    0     0     2  178  102  0  0 100  0  0
 0  0 865000 4690036  19800 723740    0    0     0     6  197  110  0  0 100  0  0
 0  0 865000 4690036  19808 723744    0    0     0    28  191  115  0  0 100  0  0
 0  0 865000 4690036  19816 723744    0    0     0     5  182  115  0  0 100  0  0
 0  0 865000 4690036  19824 723744    0    0     0     2  211  109  0  0 100  0  0
 0  0 865000 4690036  19832 723744    0    0     0     2  169   94  0  0 100  0  0
 0  0 865000 4690036  19840 723748    0    0     0     3  173  100  0  0 100  0  0
 0  0 865000 4690036  19848 723748    0    0     0     5  179   97  0  0 100  0  0
 0  0 865000 4690036  19856 723748    0    0     0     2  180  106  0  0 100  0  0
 0  0 865000 4690036  19864 723748    0    0     0     2  170   96  0  0 100  0  0
 0  0 865000 4690036  19872 723752    0    0     0     3  185  109  0  0 100  0  0
 0  0 865000 4690036  19880 723752    0    0     0     5  199  118  0  0 100  0  0
procs -----------memory---------- ---swap-- -----io---- -system-- ------cpu-----
 r  b   swpd   free   buff  cache   si   so    bi    bo   in   cs us sy id wa st
 0  0 865000 4689784  19896 723756    2    0     2    14  196  112  0  0 100  0  0
 0  0 865000 4689784  19904 723756    0    0     0     2  188  106  0  0 100  0  0
 0  0 865000 4689784  19912 723764    1    0     1     3  183  106  0  0 100  0  0
 0  0 865000 4689784  19920 723764    0    0     0     7  173   96  0  0 100  0  0
 0  0 865000 4689784  19928 723764    0    0     0     2  177   97  0  0 100  0  0
 0  0 865000 4689784  19936 723764    0    0     0     2  183  108  0  0 100  0  0
 0  0 865000 4689784  19944 723768    0    0     0     4  200  127  0  0 100  0  0
 0  0 865000 4689784  19952 723768    0    0     0     4  187  106  0  0 100  0  0
 0  0 865000 4689784  19960 723768    0    0     0     2  183  111  0  0 100  0  0
 0  0 865000 4689784  19968 723768    0    0     0     2  169   98  0  0 100  0  0
 0  0 865000 4689784  19976 723768    0    0     0     2  169  101  0  0 100  0  0
 0  0 865000 4689784  19984 723772    1    0     1     3  184  106  0  0 100  0  0
 0  0 865000 4689784  19996 723776    0    0     0     5  177   98  0  0 100  0  0
 0  0 865000 4689784  20004 723776    0    0     0     7  183  103  0  0 100  0  0
 0  0 865000 4689784  20012 723776    0    0     0     2  184  108  0  0 100  0  0
 0  0 865000 4689784  20020 723780    0    0     0     3  171  102  0  0 100  0  0
 0  0 865000 4689784  20028 723780    0    0     0     5  187  109  0  0 100  0  0
 0  0 865000 4689784  20036 723780    0    0     0     2  185  103  0  0 100  0  0
 0  0 865000 4689784  20044 723780    1    0     1     2  184  107  0  0 100  0  0
 0  0 865000 4689784  20060 723788    0    0     0     6  193  113  0  0 100  0  0
 0  0 865000 4689784  20068 723788    0    0     0     4  177  106  0  0 100  0  0
procs -----------memory---------- ---swap-- -----io---- -system-- ------cpu-----
 r  b   swpd   free   buff  cache   si   so    bi    bo   in   cs us sy id wa st
 0  0 865000 4689784  20076 723788    0    0     0     2  170   99  0  0 100  0  0
 0  0 865000 4689784  20084 723788    0    0     0     2  221  122  0  0 100  0  0
 0  0 865000 4689784  20092 723792    0    0     0     3  171   99  0  0 100  0  0
 0  0 865000 4689784  20100 723792    0    0     0     5  165   93  0  0 100  0  0
 0  0 865000 4689784  20108 723792    0    0     0     2  181  101  0  0 100  0  0
 0  0 865000 4689560  20116 723796    1    0     1     2  187  107  0  0 100  0  0
 0  0 865000 4689560  20124 723796    0    0     0     3  167  102  0  0 100  0  0
 1  0 865000 4689752  20132 723796    1    0     1     5  195  118  0  0 100  0  0
 0  0 865000 4689560  20140 723796    0    0     0     2  245  178  0  0 100  0  0
 0  0 865000 4689340  20156 723796    3    0     3    14  201  121  0  0 100  0  0
 0  0 865000 4689116  20164 723796    0    0     0     2  193  112  0  0 100  0  0
 0  0 865000 4689116  20172 723800    1    0     1     4  193  122  0  0 100  0  0
 0  0 865000 4688892  20180 723800    0    0     0     3  175  101  0  0 100  0  0
 0  0 865000 4688892  20188 723800    0    0     0     4  188  109  0  0 100  0  0
 0  0 865000 4688892  20196 723800    1    0     1     2  177  103  0  0 100  0  0
 0  0 865000 4688892  20204 723804    0    0     0     3  181  108  0  0 100  0  0
 0  0 865000 4688892  20212 723804    0    0     0     4  186  108  0  0 100  0  0
 0  0 865000 4688892  20220 723804    0    0     0     4  187  113  0  0 100  0  0
 0  0 865000 4688892  20228 723804    0    0     0     2  169   99  0  0 100  0  0
 0  0 865000 4688892  20236 723808    1    0     1     3  186  120  0  0 100  0  0
 0  0 865000 4688892  20244 723808    0    0     0     4  168  100  0  0 100  0  0
procs -----------memory---------- ---swap-- -----io---- -system-- ------cpu-----
 r  b   swpd   free   buff  cache   si   so    bi    bo   in   cs us sy id wa st
 0  0 865000 4688668  20252 723808    0    0     0     4  181  112  0  0 100  0  0
 0  0 865000 4688668  20260 723808    0    0     0     2  188  111  0  0 100  0  0
 0  0 865000 4688444  20268 723812    0    0     0     4  189  117  0  0 100  0  0
 0  0 865000 4688192  20276 723812    0    0     0     3  174  106  0  0 100  0  0
 0  0 865000 4688192  20284 723812    0    0     0     4  185  105  0  0 100  0  0
 0  0 865000 4688192  20292 723812    0    0     0     2  176  102  0  0 100  0  0
 0  0 865000 4688192  20300 723812    0    0     0     2  178  103  0  0 100  0  0
 0  0 865000 4688192  20316 723820    0    0     0     8  205  114  0  0 100  0  0
 0  0 865000 4688192  20332 723820    0    0     0    30  185  111  0  0 100  0  0
 0  0 865000 4687940  20340 723820    0    0     0     2  177  107  0  0 100  0  0
 0  0 865000 4687940  20348 723824    0    0     0     2  204  117  0  0 100  0  0
 0  0 865000 4687940  20356 723824    0    0     0     4  179  111  0  0 100  0  0
 0  0 865000 4690288  20364 723824    1    0     1     4  184  108  0  0 100  0  0
 0  0 865000 4690288  20372 723828    0    0     0     2  180   99  0  0 100  0  0
 0  0 865000 4690288  20380 723828    0    0     0     2  193  116  0  0 100  0  0
 0  0 865000 4690288  20388 723832    0    0     0     4  179  105  0  0 100  0  0
 0  0 865000 4690288  20396 723840    0    0     0     4  175   95  0  0 100  0  0
 0  0 865000 4690288  20408 723840    0    0     0     4  173   97  0  0 100  0  0
 0  0 865000 4689784  20432 723840    2    0     2    13  199  119  0  0 100  0  0
 0  1 865000 4689784  20448 723844    0    0     0    13  180  100  0  0 100  0  0
 0  0 865000 4689784  20456 723844    1    0     1     2  180  101  0  0 100  0  0
procs -----------memory---------- ---swap-- -----io---- -system-- ------cpu-----
 r  b   swpd   free   buff  cache   si   so    bi    bo   in   cs us sy id wa st
 0  0 865000 4689784  20464 723844    1    0     1     2  166   96  0  0 100  0  0
 0  0 865000 4689784  20472 723844    0    0     0     4  167   93  0  0 100  0  0
 0  0 865000 4690716  20480 723848    1    0     1     3  169  100  0  0 100  0  0
 0  0 865000 4690716  20488 723848    0    0     0     4  184  112  0  0 100  0  0
 0  0 865000 4690716  20496 723848    0    0     0     2  186  105  0  0 100  0  0
 0  0 865000 4690716  20504 723848    1    0     1     2  180  104  0  0 100  0  0
 0  0 865000 4690716  20512 723852    0    0     0     4  167   96  0  0 100  0  0
 0  0 865000 4690716  20520 723852    0    0     0     3  168   94  0  0 100  0  0
 0  0 865000 4690716  20528 723852    0    0     0     4  189  122  0  0 100  0  0
