Linux 6.8.0-90-generic (theredhothabanero) 	14.12.2025 	_x86_64_	(8 CPU)

17:38:10      runq-sz  plist-sz   ldavg-1   ldavg-5  ldavg-15   blocked
17:38:12            0       616      0,58      2,95      2,46         0
17:38:14            0       616      0,58      2,95      2,46         0
17:38:16            0       616      0,53      2,90      2,45         0
17:38:18            2       616      0,53      2,90      2,45         0
17:38:20            0       614      0,53      2,90      2,45         0
17:38:22            0       614      0,49      2,85      2,43         0
17:38:24            0       614      0,49      2,85      2,43         0
17:38:26            2       614      0,53      2,82      2,43         0
17:38:28            0       614      0,53      2,82      2,43         0
17:38:30            1       614      0,53      2,82      2,43         0
17:38:32            1       614      0,49      2,77      2,41         0
17:38:34            1       614      0,49      2,77      2,41         0
17:38:36            1       614      0,45      2,73      2,40         0
17:38:38            0       614      0,45      2,73      2,40         0
17:38:40            1       616      0,45      2,73      2,40         0
17:38:42            1       614      0,41      2,68      2,39         0
17:38:44            2       614      0,41      2,68      2,39         0
17:38:46            2       614      0,38      2,64      2,37         0
17:38:48            2       614      0,38      2,64      2,37         0
17:38:50            3       614      0,38      2,64      2,37         0
17:38:52            2       614      0,51      2,62      2,37         0
17:38:54            1       614      0,51      2,62      2,37         0
17:38:56            1       614      0,55      2,60      2,36         0
17:38:58            1       614      0,55      2,60      2,36         0
17:39:00            1       614      0,55      2,60      2,36         0
17:39:02            2       614      0,50      2,55      2,35         0
17:39:04            1       614      0,50      2,55      2,35         0
17:39:06            1       611      0,46      2,51      2,34         0
17:39:08            1       611      0,46      2,51      2,34         0
17:39:10            1       595      0,46      2,51      2,34         1
17:39:12            2       595      0,43      2,47      2,32         0
17:39:14            2       595      0,43      2,47      2,32         1
17:39:16            1       595      0,39      2,43      2,31         0
17:39:18            2       595      0,39      2,43      2,31         0
17:39:20            2       595      0,39      2,43      2,31         0
17:39:22            2       595      0,36      2,39      2,30         0
17:39:24            2       595      0,36      2,39      2,30         0
17:39:26            2       595      0,33      2,35      2,29         0
17:39:28            2       595      0,33      2,35      2,29         0
17:39:30            2       595      0,33      2,35      2,29         0
17:39:32            2       595      0,30      2,31      2,27         1
17:39:34            1       595      0,30      2,31      2,27         0
17:39:36            1       595      0,36      2,29      2,27         0
17:39:38            1       595      0,36      2,29      2,27         0
17:39:40            1       595      0,36      2,29      2,27         0
17:39:42            1       594      0,33      2,25      2,25         0
17:39:44            1       594      0,33      2,25      2,25         0
17:39:46            1       594      0,30      2,21      2,24         0
17:39:48            2       594      0,30      2,21      2,24         0
17:39:50            1       594      0,30      2,21      2,24         0
17:39:52            1       594      0,44      2,21      2,24         0
17:39:54            1       594      0,44      2,21      2,24         0
17:39:56            1       594      0,49      2,19      2,23         0
17:39:58            1       594      0,49      2,19      2,23         0
17:40:00            2       594      0,49      2,19      2,23         0
17:40:02            1       594      0,45      2,15      2,22         0
17:40:04            1       594      0,45      2,15      2,22         0
17:40:06            4       594      0,41      2,11      2,21         0
17:40:08            1       594      0,41      2,11      2,21         0
17:40:10            1       594      0,41      2,11      2,21         0
17:40:12            1       594      0,38      2,08      2,20         0
17:40:14            1       594      0,38      2,08      2,20         0
17:40:16            1       594      0,35      2,04      2,18         0
17:40:18            1       594      0,35      2,04      2,18         0
17:40:20            1       594      0,35      2,04      2,18         0
17:40:22            1       594      0,40      2,03      2,18         0
17:40:24            2       594      0,40      2,03      2,18         0
17:40:26            2       594      0,37      1,99      2,17         0
17:40:28            2       594      0,37      1,99      2,17         0
17:40:30            2       594      0,37      1,99      2,17         0
17:40:32            2       594      0,34      1,96      2,15         1
17:40:34            0       594      0,34      1,96      2,15         0
17:40:36            1       594      0,31      1,93      2,14         0
17:40:38            0       594      0,31      1,93      2,14         0
17:40:40            0       594      0,31      1,93      2,14         1
17:40:42            0       594      0,29      1,89      2,13         1
17:40:44            0       594      0,29      1,89      2,13         0
17:40:46            0       594      0,26      1,86      2,12         0
17:40:48            0       594      0,26      1,86      2,12         0
17:40:50            0       594      0,26      1,86      2,12         0
17:40:52            1       594      0,32      1,85      2,11         0
17:40:54            0       594      0,32      1,85      2,11         0
17:40:56            0       594      0,30      1,82      2,10         0
17:40:58            0       594      0,30      1,82      2,10         0
17:41:00            2       594      0,30      1,82      2,10         0
17:41:02            1       594      0,27      1,79      2,09         0
17:41:04            1       594      0,27      1,79      2,09         0
17:41:06            1       594      0,49      1,81      2,09         0
17:41:08            1       594      0,49      1,81      2,09         0
17:41:10            1       594      0,49      1,81      2,09         0
17:41:12            1       594      0,69      1,83      2,10         0
17:41:14            2       594      0,69      1,83      2,10         0
17:41:16            2       594      0,64      1,80      2,09         0
17:41:18            3       594      0,64      1,80      2,09         1
17:41:20            1       594      0,64      1,80      2,09         0
17:41:22            1       594      0,58      1,77      2,08         0
17:41:24            5       594      0,58      1,77      2,08         0
17:41:26            2       594      0,54      1,74      2,07         0
17:41:28            4       594      0,54      1,74      2,07         0
17:41:30            2       594      0,54      1,74      2,07         0
17:41:32            3       594      0,49      1,71      2,05         0
17:41:34            2       594      0,49      1,71      2,05         0
17:41:36            2       595      0,45      1,68      2,04         0
17:41:38            3       595      0,45      1,68      2,04         0
17:41:40            2       595      0,45      1,68      2,04         0
17:41:42            2       595      0,66      1,70      2,05         0
17:41:44            2       595      0,66      1,70      2,05         0
17:41:46            1       595      0,61      1,67      2,04         0
17:41:48            0       596      0,61      1,67      2,04         0
17:41:50            2       596      0,61      1,67      2,04         0
17:41:52            3       596      0,56      1,64      2,03         0
17:41:54            2       595      0,56      1,64      2,03         0
17:41:56            3       595      0,51      1,62      2,01         0
17:41:58            2       595      0,51      1,62      2,01         0
17:42:00            2       595      0,51      1,62      2,01         0
17:42:02            1       594      0,47      1,59      2,00         0
17:42:04            1       594      0,47      1,59      2,00         0
17:42:06            2       594      0,51      1,58      2,00         1
17:42:08            2       594      0,51      1,58      2,00         0
17:42:10            2       594      0,51      1,58      2,00         0
17:42:12            2       594      0,47      1,55      1,99         0
17:42:14            2       594      0,47      1,55      1,99         0
17:42:16            2       594      0,51      1,54      1,98         0
17:42:18            3       594      0,51      1,54      1,98         0
17:42:20            2       594      0,51      1,54      1,98         0
17:42:22            2       594      0,47      1,52      1,97         0
17:42:24            3       594      0,47      1,52      1,97         0
17:42:26            2       594      0,43      1,49      1,96         0
17:42:28            2       594      0,43      1,49      1,96         0
17:42:30            3       594      0,43      1,49      1,96         0
17:42:32            2       594      0,40      1,47      1,95         0
17:42:34            3       594      0,40      1,47      1,95         0
17:42:36            3       594      0,37      1,44      1,94         0
17:42:38            2       594      0,37      1,44      1,94         0
17:42:40            4       594      0,37      1,44      1,94         0
17:42:42            0       594      0,66      1,49      1,95         1
17:42:44            1       594      0,66      1,49      1,95         2
17:42:46            2       594      0,85      1,51      1,96         2
17:42:48            1       594      0,85      1,51      1,96         2
17:42:50            1       594      0,85      1,51      1,96         1
17:42:52            1       594      0,86      1,50      1,95         2
17:42:54            2       594      0,86      1,50      1,95         3
17:42:56            1       594      0,87      1,49      1,94         0
17:42:58            2       594      0,87      1,49      1,94         1
17:43:00            2       594      0,87      1,49      1,94         1
17:43:02            2       594      0,88      1,49      1,94         1
17:43:04            0       594      0,88      1,49      1,94         1
17:43:06            1       594      0,89      1,48      1,93         0
17:43:08            2       594      0,89      1,48      1,93         0
17:43:10            4       594      0,89      1,48      1,93         2
17:43:12            2       594      0,98      1,49      1,93         2
17:43:14            2       594      0,98      1,49      1,93         2
17:43:16            1       594      1,06      1,50      1,93         2
17:43:18            0       594      1,06      1,50      1,93         2
17:43:20            1       594      1,06      1,50      1,93         1
17:43:22            2       595      1,06      1,49      1,93         1
17:43:24            3       595      1,06      1,49      1,93         1
17:43:26            1       595      1,05      1,48      1,92         2
17:43:28            1       595      1,05      1,48      1,92         0
17:43:30            1       595      1,05      1,48      1,92         4
17:43:32            1       595      1,05      1,47      1,92         2
17:43:34            1       595      1,05      1,47      1,92         1
17:43:36            2       595      1,04      1,46      1,91         2
17:43:38            1       595      1,04      1,46      1,91         2
17:43:40            1       595      1,04      1,46      1,91         1
17:43:42            3       595      1,20      1,49      1,92         1
17:43:44            2       595      1,20      1,49      1,92         1
17:43:46            0       595      1,18      1,48      1,91         1
17:43:48            3       595      1,18      1,48      1,91         2
17:43:50            1       595      1,18      1,48      1,91         1
17:43:52            1       595      1,17      1,47      1,91         1
17:43:54            2       595      1,17      1,47      1,91         1
17:43:56            2       595      1,16      1,46      1,90         0
17:43:58            2       595      1,16      1,46      1,90         1
17:44:00            1       595      1,16      1,46      1,90         0
17:44:02            1       595      1,14      1,46      1,90         1
17:44:04            1       595      1,14      1,46      1,90         1
17:44:06            2       595      1,13      1,45      1,89         2
17:44:08            2       595      1,13      1,45      1,89         1
17:44:10            0       595      1,13      1,45      1,89         1
17:44:12            4       595      1,28      1,47      1,90         1
17:44:14            2       595      1,28      1,47      1,90         1
17:44:16            2       595      1,34      1,48      1,90         0
17:44:18            2       595      1,34      1,48      1,90         1
17:44:20            2       595      1,34      1,48      1,90         2
17:44:22            4       595      1,39      1,49      1,90         1
17:44:24            5       595      1,39      1,49      1,90         0
17:44:26            7       595      2,40      1,70      1,97         4
17:44:28           14       595      2,40      1,70      1,97         3
17:44:30           10       595      2,40      1,70      1,97         5
17:44:32           11       586      3,81      2,00      2,06         3
17:44:34            1       584      3,81      2,00      2,06         1
17:44:36            2       583      3,59      1,99      2,06         0
17:44:38            2       583      3,59      1,99      2,06         1
17:44:40            2       583      3,59      1,99      2,06         0
17:44:42            2       583      3,46      1,99      2,06         0
17:44:44            1       583      3,46      1,99      2,06         0
17:44:46            1       583      3,26      1,97      2,05         0
17:44:48            2       583      3,26      1,97      2,05         0
17:44:50            1       583      3,26      1,97      2,05         1
17:44:52            1       583      3,08      1,95      2,05         0
17:44:54            1       583      3,08      1,95      2,05         0
17:44:56            1       583      2,91      1,94      2,04         0
17:44:58            1       583      2,91      1,94      2,04         0
17:45:00            1       583      2,91      1,94      2,04         0
17:45:02            2       583      2,76      1,92      2,04         1
17:45:04            2       583      2,76      1,92      2,04         0
17:45:06            1       583      2,70      1,92      2,03         0
17:45:08            1       583      2,70      1,92      2,03         1
17:45:10            3       583      2,70      1,92      2,03         0
17:45:12            1       583      2,64      1,93      2,03         0
17:45:14            1       583      2,64      1,93      2,03         0
17:45:16            1       583      2,51      1,91      2,03         0
17:45:18            1       583      2,51      1,91      2,03         1
17:45:20            1       583      2,51      1,91      2,03         0
17:45:22            1       583      2,39      1,89      2,02         0
17:45:24            1       583      2,39      1,89      2,02         0
17:45:26            1       583      2,28      1,88      2,02         1
17:45:28            1       583      2,28      1,88      2,02         0
17:45:30            2       583      2,28      1,88      2,02         0
17:45:32            2       583      2,18      1,86      2,01         2
17:45:34            1       583      2,18      1,86      2,01         0
17:45:36            1       583      2,16      1,87      2,01         0
17:45:38            1       583      2,16      1,87      2,01         1
17:45:40            1       583      2,16      1,87      2,01         0
17:45:42            1       583      2,15      1,87      2,01         0
17:45:44            1       583      2,15      1,87      2,01         2
17:45:46            2       583      2,06      1,85      2,00         0
17:45:48            1       583      2,06      1,85      2,00         0
17:45:50            1       583      2,06      1,85      2,00         0
17:45:52            1       583      1,97      1,84      2,00         0
17:45:54            1       583      1,97      1,84      2,00         0
17:45:56            1       583      1,89      1,83      1,99         0
17:45:58            1       583      1,89      1,83      1,99         0
17:46:00            1       583      1,89      1,83      1,99         0
17:46:02            1       583      1,82      1,81      1,99         0
17:46:04            1       583      1,82      1,81      1,99         0
17:46:06            1       583      1,75      1,80      1,98         0
17:46:08            1       583      1,75      1,80      1,98         0
17:46:10            1       583      1,75      1,80      1,98         0
17:46:12            1       583      1,69      1,78      1,98         1
17:46:14            1       583      1,69      1,78      1,98         0
17:46:16            1       583      1,64      1,77      1,97         0
17:46:18            1       583      1,64      1,77      1,97         0
17:46:20            1       583      1,64      1,77      1,97         0
17:46:22            1       583      1,59      1,76      1,97         0
17:46:24            1       583      1,59      1,76      1,97         0
17:46:26            1       583      1,54      1,75      1,96         0
17:46:28            1       583      1,54      1,75      1,96         0
17:46:30            1       582      1,54      1,75      1,96         1
Среднее:         2       594      1,06      1,90      2,09         0
