Linux 6.8.0-90-generic (theredhothabanero) 	14.12.2025 	_x86_64_	(8 CPU)

18:12:09     CPU    %usr   %nice    %sys %iowait    %irq   %soft  %steal  %guest  %gnice   %idle
18:12:19     all    0,05    0,00    0,11    0,04    0,00    0,00    0,00    0,00    0,00   99,80
18:12:19       0    0,00    0,00    0,10    0,00    0,00    0,00    0,00    0,00    0,00   99,90
18:12:19       1    0,30    0,00    0,60    0,00    0,00    0,00    0,00    0,00    0,00   99,10
18:12:19       2    0,00    0,00    0,00    0,00    0,00    0,00    0,00    0,00    0,00  100,00
18:12:19       3    0,00    0,00    0,00    0,00    0,00    0,00    0,00    0,00    0,00  100,00
18:12:19       4    0,00    0,00    0,00    0,20    0,00    0,00    0,00    0,00    0,00   99,80
18:12:19       5    0,10    0,00    0,10    0,10    0,00    0,00    0,00    0,00    0,00   99,70
18:12:19       6    0,00    0,00    0,10    0,00    0,00    0,00    0,00    0,00    0,00   99,90
18:12:19       7    0,00    0,00    0,00    0,00    0,00    0,00    0,00    0,00    0,00  100,00

18:12:19     CPU    %usr   %nice    %sys %iowait    %irq   %soft  %steal  %guest  %gnice   %idle
18:12:29     all    0,05    0,00    0,13    0,01    0,00    0,00    0,00    0,00    0,00   99,81
18:12:29       0    0,00    0,00    0,10    0,00    0,00    0,00    0,00    0,00    0,00   99,90
18:12:29       1    0,30    0,00    0,70    0,00    0,00    0,00    0,00    0,00    0,00   99,00
18:12:29       2    0,00    0,00    0,10    0,00    0,00    0,00    0,00    0,00    0,00   99,90
18:12:29       3    0,00    0,00    0,00    0,00    0,00    0,00    0,00    0,00    0,00  100,00
18:12:29       4    0,00    0,00    0,00    0,10    0,00    0,00    0,00    0,00    0,00   99,90
18:12:29       5    0,10    0,00    0,10    0,00    0,00    0,00    0,00    0,00    0,00   99,80
18:12:29       6    0,00    0,00    0,00    0,00    0,00    0,00    0,00    0,00    0,00  100,00
18:12:29       7    0,00    0,00    0,00    0,00    0,00    0,00    0,00    0,00    0,00  100,00

18:12:29     CPU    %usr   %nice    %sys %iowait    %irq   %soft  %steal  %guest  %gnice   %idle
18:12:39     all    0,03    0,00    0,15    0,03    0,00    0,00    0,00    0,00    0,00   99,80
18:12:39       0    0,00    0,00    0,10    0,00    0,00    0,00    0,00    0,00    0,00   99,90
18:12:39       1    0,10    0,00    0,70    0,10    0,00    0,00    0,00    0,00    0,00   99,10
18:12:39       2    0,00    0,00    0,00    0,00    0,00    0,00    0,00    0,00    0,00  100,00
18:12:39       3    0,00    0,00    0,00    0,00    0,00    0,00    0,00    0,00    0,00  100,00
18:12:39       4    0,00    0,00    0,10    0,10    0,00    0,00    0,00    0,00    0,00   99,80
18:12:39       5    0,10    0,00    0,20    0,00    0,00    0,00    0,00    0,00    0,00   99,70
18:12:39       6    0,00    0,00    0,00    0,00    0,00    0,00    0,00    0,00    0,00  100,00
18:12:39       7    0,00    0,00    0,10    0,00    0,00    0,00    0,00    0,00    0,00   99,90

18:12:39     CPU    %usr   %nice    %sys %iowait    %irq   %soft  %steal  %guest  %gnice   %idle
18:12:49     all    0,04    0,00    0,05    0,03    0,00    0,00    0,00    0,00    0,00   99,89
18:12:49       0    0,00    0,00    0,00    0,20    0,00    0,00    0,00    0,00    0,00   99,80
18:12:49       1    0,10    0,00    0,30    0,00    0,00    0,00    0,00    0,00    0,00   99,60
18:12:49       2    0,00    0,00    0,00    0,00    0,00    0,00    0,00    0,00    0,00  100,00
18:12:49       3    0,00    0,00    0,00    0,00    0,00    0,00    0,00    0,00    0,00  100,00
18:12:49       4    0,00    0,00    0,00    0,00    0,00    0,00    0,00    0,00    0,00  100,00
18:12:49       5    0,10    0,00    0,10    0,00    0,00    0,00    0,00    0,00    0,00   99,80
18:12:49       6    0,00    0,00    0,00    0,00    0,00    0,00    0,00    0,00    0,00  100,00
18:12:49       7    0,10    0,00    0,00    0,00    0,00    0,00    0,00    0,00    0,00   99,90

18:12:49     CPU    %usr   %nice    %sys %iowait    %irq   %soft  %steal  %guest  %gnice   %idle
18:12:59     all    0,01    0,00    0,03    0,03    0,00    0,00    0,00    0,00    0,00   99,94
18:12:59       0    0,00    0,00    0,00    0,10    0,00    0,00    0,00    0,00    0,00   99,90
18:12:59       1    0,00    0,00    0,10    0,00    0,00    0,00    0,00    0,00    0,00   99,90
18:12:59       2    0,00    0,00    0,10    0,00    0,00    0,00    0,00    0,00    0,00   99,90
18:12:59       3    0,00    0,00    0,00    0,00    0,00    0,00    0,00    0,00    0,00  100,00
18:12:59       4    0,00    0,00    0,00    0,00    0,00    0,00    0,00    0,00    0,00  100,00
18:12:59       5    0,10    0,00    0,00    0,10    0,00    0,00    0,00    0,00    0,00   99,80
18:12:59       6    0,00    0,00    0,00    0,00    0,00    0,00    0,00    0,00    0,00  100,00
18:12:59       7    0,00    0,00    0,00    0,00    0,00    0,00    0,00    0,00    0,00  100,00

18:12:59     CPU    %usr   %nice    %sys %iowait    %irq   %soft  %steal  %guest  %gnice   %idle
18:13:09     all    0,01    0,00    0,04    0,03    0,00    0,00    0,00    0,00    0,00   99,92
18:13:09       0    0,00    0,00    0,00    0,20    0,00    0,00    0,00    0,00    0,00   99,80
18:13:09       1    0,00    0,00    0,00    0,00    0,00    0,00    0,00    0,00    0,00  100,00
18:13:09       2    0,00    0,00    0,00    0,00    0,00    0,00    0,00    0,00    0,00  100,00
18:13:09       3    0,00    0,00    0,00    0,00    0,00    0,00    0,00    0,00    0,00  100,00
18:13:09       4    0,10    0,00    0,00    0,00    0,00    0,00    0,00    0,00    0,00   99,90
18:13:09       5    0,00    0,00    0,10    0,00    0,00    0,00    0,00    0,00    0,00   99,90
18:13:09       6    0,00    0,00    0,10    0,00    0,00    0,00    0,00    0,00    0,00   99,90
18:13:09       7    0,00    0,00    0,10    0,00    0,00    0,00    0,00    0,00    0,00   99,90

18:13:09     CPU    %usr   %nice    %sys %iowait    %irq   %soft  %steal  %guest  %gnice   %idle
18:13:19     all    0,03    0,00    0,03    0,03    0,00    0,00    0,00    0,00    0,00   99,92
18:13:19       0    0,00    0,00    0,00    0,00    0,00    0,00    0,00    0,00    0,00  100,00
18:13:19       1    0,00    0,00    0,00    0,00    0,00    0,00    0,00    0,00    0,00  100,00
18:13:19       2    0,00    0,00    0,00    0,00    0,00    0,00    0,00    0,00    0,00  100,00
18:13:19       3    0,00    0,00    0,10    0,00    0,00    0,00    0,00    0,00    0,00   99,90
18:13:19       4    0,00    0,00    0,00    0,00    0,00    0,00    0,00    0,00    0,00  100,00
18:13:19       5    0,00    0,00    0,10    0,00    0,00    0,00    0,00    0,00    0,00   99,90
18:13:19       6    0,00    0,00    0,00    0,20    0,00    0,00    0,00    0,00    0,00   99,80
18:13:19       7    0,20    0,00    0,00    0,00    0,00    0,00    0,00    0,00    0,00   99,80

18:13:19     CPU    %usr   %nice    %sys %iowait    %irq   %soft  %steal  %guest  %gnice   %idle
18:13:29     all    0,03    0,00    0,03    0,04    0,00    0,01    0,00    0,00    0,00   99,90
18:13:29       0    0,00    0,00    0,00    0,00    0,00    0,00    0,00    0,00    0,00  100,00
18:13:29       1    0,00    0,00    0,00    0,10    0,00    0,00    0,00    0,00    0,00   99,90
18:13:29       2    0,10    0,00    0,10    0,00    0,00    0,00    0,00    0,00    0,00   99,80
18:13:29       3    0,10    0,00    0,00    0,00    0,00    0,00    0,00    0,00    0,00   99,90
18:13:29       4    0,00    0,00    0,00    0,00    0,00    0,00    0,00    0,00    0,00  100,00
18:13:29       5    0,00    0,00    0,10    0,00    0,00    0,00    0,00    0,00    0,00   99,90
18:13:29       6    0,00    0,00    0,00    0,20    0,00    0,00    0,00    0,00    0,00   99,80
18:13:29       7    0,00    0,00    0,00    0,00    0,00    0,10    0,00    0,00    0,00   99,90

18:13:29     CPU    %usr   %nice    %sys %iowait    %irq   %soft  %steal  %guest  %gnice   %idle
18:13:39     all    0,00    0,00    0,01    0,03    0,00    0,00    0,00    0,00    0,00   99,96
18:13:39       0    0,00    0,00    0,00    0,00    0,00    0,00    0,00    0,00    0,00  100,00
18:13:39       1    0,00    0,00    0,00    0,00    0,00    0,00    0,00    0,00    0,00  100,00
18:13:39       2    0,00    0,00    0,00    0,00    0,00    0,00    0,00    0,00    0,00  100,00
18:13:39       3    0,00    0,00    0,00    0,00    0,00    0,00    0,00    0,00    0,00  100,00
18:13:39       4    0,00    0,00    0,00    0,00    0,00    0,00    0,00    0,00    0,00  100,00
18:13:39       5    0,00    0,00    0,10    0,10    0,00    0,00    0,00    0,00    0,00   99,80
18:13:39       6    0,00    0,00    0,00    0,10    0,00    0,00    0,00    0,00    0,00   99,90
18:13:39       7    0,00    0,00    0,00    0,00    0,00    0,00    0,00    0,00    0,00  100,00

18:13:39     CPU    %usr   %nice    %sys %iowait    %irq   %soft  %steal  %guest  %gnice   %idle
18:13:49     all    0,00    0,01    0,03    0,01    0,00    0,00    0,00    0,00    0,00   99,95
18:13:49       0    0,00    0,00    0,10    0,00    0,00    0,00    0,00    0,00    0,00   99,90
18:13:49       1    0,00    0,00    0,00    0,00    0,00    0,00    0,00    0,00    0,00  100,00
18:13:49       2    0,00    0,10    0,00    0,00    0,00    0,00    0,00    0,00    0,00   99,90
18:13:49       3    0,00    0,00    0,00    0,00    0,00    0,00    0,00    0,00    0,00  100,00
18:13:49       4    0,00    0,00    0,00    0,00    0,00    0,00    0,00    0,00    0,00  100,00
18:13:49       5    0,00    0,00    0,00    0,00    0,00    0,00    0,00    0,00    0,00  100,00
18:13:49       6    0,00    0,00    0,00    0,10    0,00    0,00    0,00    0,00    0,00   99,90
18:13:49       7    0,00    0,00    0,10    0,00    0,00    0,00    0,00    0,00    0,00   99,90

18:13:49     CPU    %usr   %nice    %sys %iowait    %irq   %soft  %steal  %guest  %gnice   %idle
18:13:59     all    0,00    0,00    0,04    0,03    0,00    0,00    0,00    0,00    0,00   99,94
18:13:59       0    0,00    0,00    0,00    0,00    0,00    0,00    0,00    0,00    0,00  100,00
18:13:59       1    0,00    0,00    0,00    0,00    0,00    0,00    0,00    0,00    0,00  100,00
18:13:59       2    0,00    0,00    0,00    0,00    0,00    0,00    0,00    0,00    0,00  100,00
18:13:59       3    0,00    0,00    0,00    0,00    0,00    0,00    0,00    0,00    0,00  100,00
18:13:59       4    0,00    0,00    0,10    0,00    0,00    0,00    0,00    0,00    0,00   99,90
18:13:59       5    0,00    0,00    0,10    0,10    0,00    0,00    0,00    0,00    0,00   99,80
18:13:59       6    0,00    0,00    0,10    0,10    0,00    0,00    0,00    0,00    0,00   99,80
18:13:59       7    0,00    0,00    0,00    0,00    0,00    0,00    0,00    0,00    0,00  100,00

18:13:59     CPU    %usr   %nice    %sys %iowait    %irq   %soft  %steal  %guest  %gnice   %idle
18:14:09     all    0,03    0,00    0,04    0,03    0,00    0,00    0,00    0,00    0,00   99,91
18:14:09       0    0,00    0,00    0,00    0,00    0,00    0,00    0,00    0,00    0,00  100,00
18:14:09       1    0,10    0,00    0,00    0,00    0,00    0,00    0,00    0,00    0,00   99,90
18:14:09       2    0,00    0,00    0,10    0,00    0,00    0,00    0,00    0,00    0,00   99,90
18:14:09       3    0,00    0,00    0,00    0,00    0,00    0,00    0,00    0,00    0,00  100,00
18:14:09       4    0,00    0,00    0,00    0,00    0,00    0,00    0,00    0,00    0,00  100,00
18:14:09       5    0,10    0,00    0,10    0,00    0,00    0,00    0,00    0,00    0,00   99,80
18:14:09       6    0,00    0,00    0,00    0,20    0,00    0,00    0,00    0,00    0,00   99,80
18:14:09       7    0,00    0,00    0,10    0,00    0,00    0,00    0,00    0,00    0,00   99,90

18:14:09     CPU    %usr   %nice    %sys %iowait    %irq   %soft  %steal  %guest  %gnice   %idle
18:14:19     all    0,04    0,00    0,00    0,01    0,00    0,00    0,00    0,00    0,00   99,95
18:14:19       0    0,10    0,00    0,00    0,00    0,00    0,00    0,00    0,00    0,00   99,90
18:14:19       1    0,00    0,00    0,00    0,00    0,00    0,00    0,00    0,00    0,00  100,00
18:14:19       2    0,00    0,00    0,00    0,00    0,00    0,00    0,00    0,00    0,00  100,00
18:14:19       3    0,00    0,00    0,00    0,00    0,00    0,00    0,00    0,00    0,00  100,00
18:14:19       4    0,00    0,00    0,00    0,00    0,00    0,00    0,00    0,00    0,00  100,00
18:14:19       5    0,00    0,00    0,00    0,00    0,00    0,00    0,00    0,00    0,00  100,00
18:14:19       6    0,00    0,00    0,00    0,10    0,00    0,00    0,00    0,00    0,00   99,90
18:14:19       7    0,20    0,00    0,00    0,00    0,00    0,00    0,00    0,00    0,00   99,80

18:14:19     CPU    %usr   %nice    %sys %iowait    %irq   %soft  %steal  %guest  %gnice   %idle
18:14:29     all    0,01    0,00    0,01    0,03    0,00    0,00    0,00    0,00    0,00   99,95
18:14:29       0    0,00    0,00    0,00    0,00    0,00    0,00    0,00    0,00    0,00  100,00
18:14:29       1    0,00    0,00    0,00    0,00    0,00    0,00    0,00    0,00    0,00  100,00
18:14:29       2    0,00    0,00    0,00    0,00    0,00    0,00    0,00    0,00    0,00  100,00
18:14:29       3    0,00    0,00    0,00    0,00    0,00    0,00    0,00    0,00    0,00  100,00
18:14:29       4    0,10    0,00    0,00    0,00    0,00    0,00    0,00    0,00    0,00   99,90
18:14:29       5    0,00    0,00    0,10    0,00    0,00    0,00    0,00    0,00    0,00   99,90
18:14:29       6    0,00    0,00    0,00    0,20    0,00    0,00    0,00    0,00    0,00   99,80
18:14:29       7    0,00    0,00    0,00    0,00    0,00    0,00    0,00    0,00    0,00  100,00

18:14:29     CPU    %usr   %nice    %sys %iowait    %irq   %soft  %steal  %guest  %gnice   %idle
18:14:39     all    0,00    0,00    0,03    0,01    0,00    0,00    0,00    0,00    0,00   99,96
18:14:39       0    0,00    0,00    0,00    0,00    0,00    0,00    0,00    0,00    0,00  100,00
18:14:39       1    0,00    0,00    0,00    0,00    0,00    0,00    0,00    0,00    0,00  100,00
18:14:39       2    0,00    0,00    0,00    0,00    0,00    0,00    0,00    0,00    0,00  100,00
18:14:39       3    0,00    0,00    0,00    0,00    0,00    0,00    0,00    0,00    0,00  100,00
18:14:39       4    0,00    0,00    0,10    0,00    0,00    0,00    0,00    0,00    0,00   99,90
18:14:39       5    0,00    0,00    0,10    0,00    0,00    0,00    0,00    0,00    0,00   99,90
18:14:39       6    0,00    0,00    0,00    0,10    0,00    0,00    0,00    0,00    0,00   99,90
18:14:39       7    0,00    0,00    0,00    0,00    0,00    0,00    0,00    0,00    0,00  100,00

18:14:39     CPU    %usr   %nice    %sys %iowait    %irq   %soft  %steal  %guest  %gnice   %idle
18:14:49     all    0,03    0,00    0,03    0,03    0,00    0,00    0,00    0,00    0,00   99,92
18:14:49       0    0,00    0,00    0,00    0,00    0,00    0,00    0,00    0,00    0,00  100,00
18:14:49       1    0,00    0,00    0,00    0,00    0,00    0,00    0,00    0,00    0,00  100,00
18:14:49       2    0,10    0,00    0,10    0,00    0,00    0,00    0,00    0,00    0,00   99,80
18:14:49       3    0,00    0,00    0,00    0,00    0,00    0,00    0,00    0,00    0,00  100,00
18:14:49       4    0,00    0,00    0,00    0,00    0,00    0,00    0,00    0,00    0,00  100,00
18:14:49       5    0,10    0,00    0,10    0,00    0,00    0,00    0,00    0,00    0,00   99,80
18:14:49       6    0,00    0,00    0,00    0,20    0,00    0,00    0,00    0,00    0,00   99,80
18:14:49       7    0,00    0,00    0,00    0,00    0,00    0,00    0,00    0,00    0,00  100,00

18:14:49     CPU    %usr   %nice    %sys %iowait    %irq   %soft  %steal  %guest  %gnice   %idle
18:14:59     all    0,00    0,00    0,03    0,04    0,00    0,00    0,00    0,00    0,00   99,94
18:14:59       0    0,00    0,00    0,00    0,00    0,00    0,00    0,00    0,00    0,00  100,00
18:14:59       1    0,00    0,00    0,10    0,00    0,00    0,00    0,00    0,00    0,00   99,90
18:14:59       2    0,00    0,00    0,00    0,00    0,00    0,00    0,00    0,00    0,00  100,00
18:14:59       3    0,00    0,00    0,00    0,00    0,00    0,00    0,00    0,00    0,00  100,00
18:14:59       4    0,00    0,00    0,00    0,00    0,00    0,00    0,00    0,00    0,00  100,00
18:14:59       5    0,00    0,00    0,00    0,10    0,00    0,00    0,00    0,00    0,00   99,90
18:14:59       6    0,00    0,00    0,00    0,20    0,00    0,00    0,00    0,00    0,00   99,80
18:14:59       7    0,00    0,00    0,10    0,00    0,00    0,00    0,00    0,00    0,00   99,90

18:14:59     CPU    %usr   %nice    %sys %iowait    %irq   %soft  %steal  %guest  %gnice   %idle
18:15:09     all    0,01    0,00    0,06    0,05    0,00    0,00    0,00    0,00    0,00   99,87
18:15:09       0    0,00    0,00    0,00    0,00    0,00    0,00    0,00    0,00    0,00  100,00
18:15:09       1    0,10    0,00    0,00    0,10    0,00    0,00    0,00    0,00    0,00   99,80
18:15:09       2    0,00    0,00    0,10    0,00    0,00    0,00    0,00    0,00    0,00   99,90
18:15:09       3    0,00    0,00    0,00    0,00    0,00    0,00    0,00    0,00    0,00  100,00
18:15:09       4    0,00    0,00    0,00    0,00    0,00    0,00    0,00    0,00    0,00  100,00
18:15:09       5    0,00    0,00    0,20    0,00    0,00    0,00    0,00    0,00    0,00   99,80
18:15:09       6    0,00    0,00    0,10    0,30    0,00    0,00    0,00    0,00    0,00   99,60
18:15:09       7    0,00    0,00    0,10    0,00    0,00    0,00    0,00    0,00    0,00   99,90

18:15:09     CPU    %usr   %nice    %sys %iowait    %irq   %soft  %steal  %guest  %gnice   %idle
18:15:19     all    0,04    0,00    0,01    0,01    0,00    0,00    0,00    0,00    0,00   99,94
18:15:19       0    0,00    0,00    0,00    0,00    0,00    0,00    0,00    0,00    0,00  100,00
18:15:19       1    0,00    0,00    0,00    0,00    0,00    0,00    0,00    0,00    0,00  100,00
18:15:19       2    0,00    0,00    0,00    0,00    0,00    0,00    0,00    0,00    0,00  100,00
18:15:19       3    0,00    0,00    0,00    0,00    0,00    0,00    0,00    0,00    0,00  100,00
18:15:19       4    0,00    0,00    0,00    0,00    0,00    0,00    0,00    0,00    0,00  100,00
18:15:19       5    0,10    0,00    0,10    0,00    0,00    0,00    0,00    0,00    0,00   99,80
18:15:19       6    0,00    0,00    0,00    0,10    0,00    0,00    0,00    0,00    0,00   99,90
18:15:19       7    0,20    0,00    0,00    0,00    0,00    0,00    0,00    0,00    0,00   99,80

18:15:19     CPU    %usr   %nice    %sys %iowait    %irq   %soft  %steal  %guest  %gnice   %idle
18:15:29     all    0,00    0,00    0,03    0,01    0,00    0,00    0,00    0,00    0,00   99,96
18:15:29       0    0,00    0,00    0,00    0,00    0,00    0,00    0,00    0,00    0,00  100,00
18:15:29       1    0,00    0,00    0,00    0,00    0,00    0,00    0,00    0,00    0,00  100,00
18:15:29       2    0,00    0,00    0,00    0,00    0,00    0,00    0,00    0,00    0,00  100,00
18:15:29       3    0,00    0,00    0,00    0,00    0,00    0,00    0,00    0,00    0,00  100,00
18:15:29       4    0,00    0,00    0,10    0,00    0,00    0,00    0,00    0,00    0,00   99,90
18:15:29       5    0,00    0,00    0,10    0,00    0,00    0,00    0,00    0,00    0,00   99,90
18:15:29       6    0,00    0,00    0,00    0,10    0,00    0,00    0,00    0,00    0,00   99,90
18:15:29       7    0,00    0,00    0,00    0,00    0,00    0,00    0,00    0,00    0,00  100,00

18:15:29     CPU    %usr   %nice    %sys %iowait    %irq   %soft  %steal  %guest  %gnice   %idle
18:15:39     all    0,01    0,00    0,01    0,03    0,00    0,00    0,00    0,00    0,00   99,95
18:15:39       0    0,00    0,00    0,00    0,00    0,00    0,00    0,00    0,00    0,00  100,00
18:15:39       1    0,00    0,00    0,00    0,00    0,00    0,00    0,00    0,00    0,00  100,00
18:15:39       2    0,00    0,00    0,00    0,00    0,00    0,00    0,00    0,00    0,00  100,00
18:15:39       3    0,10    0,00    0,00    0,00    0,00    0,00    0,00    0,00    0,00   99,90
18:15:39       4    0,00    0,00    0,00    0,00    0,00    0,00    0,00    0,00    0,00  100,00
18:15:39       5    0,00    0,00    0,10    0,00    0,00    0,00    0,00    0,00    0,00   99,90
18:15:39       6    0,00    0,00    0,00    0,20    0,00    0,00    0,00    0,00    0,00   99,80
18:15:39       7    0,00    0,00    0,00    0,00    0,00    0,00    0,00    0,00    0,00  100,00

18:15:39     CPU    %usr   %nice    %sys %iowait    %irq   %soft  %steal  %guest  %gnice   %idle
18:15:49     all    0,00    0,00    0,06    0,04    0,00    0,00    0,00    0,00    0,00   99,90
18:15:49       0    0,00    0,00    0,10    0,00    0,00    0,00    0,00    0,00    0,00   99,90
18:15:49       1    0,00    0,00    0,10    0,00    0,00    0,00    0,00    0,00    0,00   99,90
18:15:49       2    0,00    0,00    0,10    0,00    0,00    0,00    0,00    0,00    0,00   99,90
18:15:49       3    0,00    0,00    0,00    0,00    0,00    0,00    0,00    0,00    0,00  100,00
18:15:49       4    0,00    0,00    0,10    0,00    0,00    0,00    0,00    0,00    0,00   99,90
18:15:49       5    0,00    0,00    0,10    0,10    0,00    0,00    0,00    0,00    0,00   99,80
18:15:49       6    0,00    0,00    0,00    0,20    0,00    0,00    0,00    0,00    0,00   99,80
18:15:49       7    0,00    0,00    0,00    0,00    0,00    0,00    0,00    0,00    0,00  100,00

18:15:49     CPU    %usr   %nice    %sys %iowait    %irq   %soft  %steal  %guest  %gnice   %idle
18:15:59     all    0,01    0,00    0,01    0,05    0,00    0,01    0,00    0,00    0,00   99,91
18:15:59       0    0,00    0,00    0,00    0,00    0,00    0,00    0,00    0,00    0,00  100,00
18:15:59       1    0,00    0,00    0,00    0,10    0,00    0,00    0,00    0,00    0,00   99,90
18:15:59       2    0,00    0,00    0,00    0,10    0,00    0,00    0,00    0,00    0,00   99,90
18:15:59       3    0,00    0,00    0,00    0,00    0,00    0,00    0,00    0,00    0,00  100,00
18:15:59       4    0,10    0,00    0,00    0,00    0,00    0,00    0,00    0,00    0,00   99,90
18:15:59       5    0,00    0,00    0,00    0,10    0,00    0,00    0,00    0,00    0,00   99,90
18:15:59       6    0,00    0,00    0,10    0,10    0,00    0,00    0,00    0,00    0,00   99,80
18:15:59       7    0,00    0,00    0,00    0,00    0,00    0,10    0,00    0,00    0,00   99,90

18:15:59     CPU    %usr   %nice    %sys %iowait    %irq   %soft  %steal  %guest  %gnice   %idle
18:16:09     all    0,01    0,00    0,04    0,03    0,00    0,00    0,00    0,00    0,00   99,92
18:16:09       0    0,00    0,00    0,00    0,00    0,00    0,00    0,00    0,00    0,00  100,00
18:16:09       1    0,00    0,00    0,00    0,00    0,00    0,00    0,00    0,00    0,00  100,00
18:16:09       2    0,00    0,00    0,10    0,10    0,00    0,00    0,00    0,00    0,00   99,80
18:16:09       3    0,00    0,00    0,00    0,00    0,00    0,00    0,00    0,00    0,00  100,00
18:16:09       4    0,00    0,00    0,00    0,00    0,00    0,00    0,00    0,00    0,00  100,00
18:16:09       5    0,00    0,00    0,10    0,00    0,00    0,00    0,00    0,00    0,00   99,90
18:16:09       6    0,00    0,00    0,00    0,00    0,00    0,00    0,00    0,00    0,00  100,00
18:16:09       7    0,10    0,00    0,10    0,10    0,00    0,00    0,00    0,00    0,00   99,70

18:16:09     CPU    %usr   %nice    %sys %iowait    %irq   %soft  %steal  %guest  %gnice   %idle
18:16:19     all    0,04    0,00    0,03    0,01    0,00    0,00    0,00    0,00    0,00   99,92
18:16:19       0    0,00    0,00    0,00    0,00    0,00    0,00    0,00    0,00    0,00  100,00
18:16:19       1    0,00    0,00    0,00    0,00    0,00    0,00    0,00    0,00    0,00  100,00
18:16:19       2    0,10    0,00    0,00    0,10    0,00    0,00    0,00    0,00    0,00   99,80
18:16:19       3    0,00    0,00    0,00    0,00    0,00    0,00    0,00    0,00    0,00  100,00
18:16:19       4    0,00    0,00    0,10    0,00    0,00    0,00    0,00    0,00    0,00   99,90
18:16:19       5    0,10    0,00    0,10    0,00    0,00    0,00    0,00    0,00    0,00   99,80
18:16:19       6    0,00    0,00    0,00    0,00    0,00    0,00    0,00    0,00    0,00  100,00
18:16:19       7    0,10    0,00    0,00    0,00    0,00    0,00    0,00    0,00    0,00   99,90

18:16:19     CPU    %usr   %nice    %sys %iowait    %irq   %soft  %steal  %guest  %gnice   %idle
18:16:29     all    0,01    0,00    0,01    0,01    0,00    0,00    0,00    0,00    0,00   99,96
18:16:29       0    0,00    0,00    0,00    0,00    0,00    0,00    0,00    0,00    0,00  100,00
18:16:29       1    0,00    0,00    0,00    0,00    0,00    0,00    0,00    0,00    0,00  100,00
18:16:29       2    0,00    0,00    0,00    0,10    0,00    0,00    0,00    0,00    0,00   99,90
18:16:29       3    0,00    0,00    0,00    0,00    0,00    0,00    0,00    0,00    0,00  100,00
18:16:29       4    0,00    0,00    0,00    0,00    0,00    0,00    0,00    0,00    0,00  100,00
18:16:29       5    0,00    0,00    0,10    0,00    0,00    0,00    0,00    0,00    0,00   99,90
18:16:29       6    0,10    0,00    0,00    0,00    0,00    0,00    0,00    0,00    0,00   99,90
18:16:29       7    0,00    0,00    0,00    0,00    0,00    0,00    0,00    0,00    0,00  100,00

18:16:29     CPU    %usr   %nice    %sys %iowait    %irq   %soft  %steal  %guest  %gnice   %idle
18:16:39     all    0,00    0,00    0,04    0,05    0,00    0,00    0,00    0,00    0,00   99,91
18:16:39       0    0,00    0,00    0,00    0,00    0,00    0,00    0,00    0,00    0,00  100,00
18:16:39       1    0,00    0,00    0,10    0,00    0,00    0,00    0,00    0,00    0,00   99,90
18:16:39       2    0,00    0,00    0,00    0,20    0,00    0,00    0,00    0,00    0,00   99,80
18:16:39       3    0,00    0,00    0,00    0,00    0,00    0,00    0,00    0,00    0,00  100,00
18:16:39       4    0,00    0,00    0,00    0,00    0,00    0,00    0,00    0,00    0,00  100,00
18:16:39       5    0,00    0,00    0,10    0,10    0,00    0,00    0,00    0,00    0,00   99,80
18:16:39       6    0,00    0,00    0,10    0,10    0,00    0,00    0,00    0,00    0,00   99,80
18:16:39       7    0,00    0,00    0,00    0,00    0,00    0,00    0,00    0,00    0,00  100,00

18:16:39     CPU    %usr   %nice    %sys %iowait    %irq   %soft  %steal  %guest  %gnice   %idle
18:16:49     all    0,01    0,00    0,01    0,04    0,00    0,00    0,00    0,00    0,00   99,94
18:16:49       0    0,00    0,00    0,00    0,00    0,00    0,00    0,00    0,00    0,00  100,00
18:16:49       1    0,00    0,00    0,00    0,00    0,00    0,00    0,00    0,00    0,00  100,00
18:16:49       2    0,00    0,00    0,00    0,00    0,00    0,00    0,00    0,00    0,00  100,00
18:16:49       3    0,00    0,00    0,00    0,00    0,00    0,00    0,00    0,00    0,00  100,00
18:16:49       4    0,00    0,00    0,00    0,00    0,00    0,00    0,00    0,00    0,00  100,00
18:16:49       5    0,00    0,00    0,10    0,00    0,00    0,00    0,00    0,00    0,00   99,90
18:16:49       6    0,00    0,00    0,00    0,30    0,00    0,00    0,00    0,00    0,00   99,70
18:16:49       7    0,10    0,00    0,00    0,00    0,00    0,00    0,00    0,00    0,00   99,90

18:16:49     CPU    %usr   %nice    %sys %iowait    %irq   %soft  %steal  %guest  %gnice   %idle
18:16:59     all    0,01    0,00    0,01    0,03    0,00    0,00    0,00    0,00    0,00   99,95
18:16:59       0    0,00    0,00    0,00    0,00    0,00    0,00    0,00    0,00    0,00  100,00
18:16:59       1    0,00    0,00    0,00    0,00    0,00    0,00    0,00    0,00    0,00  100,00
18:16:59       2    0,00    0,00    0,00    0,00    0,00    0,00    0,00    0,00    0,00  100,00
18:16:59       3    0,00    0,00    0,00    0,00    0,00    0,00    0,00    0,00    0,00  100,00
18:16:59       4    0,00    0,00    0,00    0,00    0,00    0,00    0,00    0,00    0,00  100,00
18:16:59       5    0,10    0,00    0,00    0,00    0,00    0,00    0,00    0,00    0,00   99,90
18:16:59       6    0,00    0,00    0,10    0,20    0,00    0,00    0,00    0,00    0,00   99,70
18:16:59       7    0,00    0,00    0,00    0,00    0,00    0,00    0,00    0,00    0,00  100,00

18:16:59     CPU    %usr   %nice    %sys %iowait    %irq   %soft  %steal  %guest  %gnice   %idle
18:17:09     all    0,01    0,00    0,05    0,03    0,00    0,00    0,00    0,00    0,00   99,91
18:17:09       0    0,00    0,00    0,00    0,10    0,00    0,00    0,00    0,00    0,00   99,90
18:17:09       1    0,10    0,00    0,00    0,00    0,00    0,00    0,00    0,00    0,00   99,90
18:17:09       2    0,00    0,00    0,10    0,00    0,00    0,00    0,00    0,00    0,00   99,90
18:17:09       3    0,00    0,00    0,00    0,00    0,00    0,00    0,00    0,00    0,00  100,00
18:17:09       4    0,00    0,00    0,10    0,00    0,00    0,00    0,00    0,00    0,00   99,90
18:17:09       5    0,00    0,00    0,10    0,00    0,00    0,00    0,00    0,00    0,00   99,90
18:17:09       6    0,00    0,00    0,00    0,00    0,00    0,00    0,00    0,00    0,00  100,00
18:17:09       7    0,00    0,00    0,10    0,10    0,00    0,00    0,00    0,00    0,00   99,80

18:17:09     CPU    %usr   %nice    %sys %iowait    %irq   %soft  %steal  %guest  %gnice   %idle
18:17:19     all    0,04    0,00    0,03    0,01    0,00    0,00    0,00    0,00    0,00   99,92
18:17:19       0    0,00    0,00    0,10    0,10    0,00    0,00    0,00    0,00    0,00   99,80
18:17:19       1    0,00    0,00    0,00    0,00    0,00    0,00    0,00    0,00    0,00  100,00
18:17:19       2    0,00    0,00    0,00    0,00    0,00    0,00    0,00    0,00    0,00  100,00
18:17:19       3    0,00    0,00    0,00    0,00    0,00    0,00    0,00    0,00    0,00  100,00
18:17:19       4    0,00    0,00    0,00    0,00    0,00    0,00    0,00    0,00    0,00  100,00
18:17:19       5    0,10    0,00    0,10    0,00    0,00    0,00    0,00    0,00    0,00   99,80
18:17:19       6    0,00    0,00    0,00    0,00    0,00    0,00    0,00    0,00    0,00  100,00
18:17:19       7    0,20    0,00    0,00    0,00    0,00    0,00    0,00    0,00    0,00   99,80

18:17:19     CPU    %usr   %nice    %sys %iowait    %irq   %soft  %steal  %guest  %gnice   %idle
18:17:29     all    0,00    0,00    0,03    0,03    0,00    0,00    0,00    0,00    0,00   99,95
18:17:29       0    0,00    0,00    0,00    0,20    0,00    0,00    0,00    0,00    0,00   99,80
18:17:29       1    0,00    0,00    0,00    0,00    0,00    0,00    0,00    0,00    0,00  100,00
18:17:29       2    0,00    0,00    0,00    0,00    0,00    0,00    0,00    0,00    0,00  100,00
18:17:29       3    0,00    0,00    0,10    0,00    0,00    0,00    0,00    0,00    0,00   99,90
18:17:29       4    0,00    0,00    0,00    0,00    0,00    0,00    0,00    0,00    0,00  100,00
18:17:29       5    0,00    0,00    0,10    0,00    0,00    0,00    0,00    0,00    0,00   99,90
18:17:29       6    0,00    0,00    0,00    0,00    0,00    0,00    0,00    0,00    0,00  100,00
18:17:29       7    0,00    0,00    0,00    0,00    0,00    0,00    0,00    0,00    0,00  100,00

18:17:29     CPU    %usr   %nice    %sys %iowait    %irq   %soft  %steal  %guest  %gnice   %idle
18:17:39     all    0,00    0,00    0,04    0,01    0,00    0,00    0,00    0,00    0,00   99,95
18:17:39       0    0,00    0,00    0,00    0,10    0,00    0,00    0,00    0,00    0,00   99,90
18:17:39       1    0,00    0,00    0,00    0,00    0,00    0,00    0,00    0,00    0,00  100,00
18:17:39       2    0,00    0,00    0,00    0,00    0,00    0,00    0,00    0,00    0,00  100,00
18:17:39       3    0,00    0,00    0,00    0,00    0,00    0,00    0,00    0,00    0,00  100,00
18:17:39       4    0,00    0,00    0,00    0,00    0,00    0,00    0,00    0,00    0,00  100,00
18:17:39       5    0,00    0,00    0,10    0,00    0,00    0,00    0,00    0,00    0,00   99,90
18:17:39       6    0,00    0,00    0,10    0,00    0,00    0,00    0,00    0,00    0,00   99,90
18:17:39       7    0,00    0,00    0,10    0,00    0,00    0,00    0,00    0,00    0,00   99,90

18:17:39     CPU    %usr   %nice    %sys %iowait    %irq   %soft  %steal  %guest  %gnice   %idle
18:17:49     all    0,00    0,00    0,01    0,01    0,00    0,00    0,00    0,00    0,00   99,97
18:17:49       0    0,00    0,00    0,10    0,00    0,00    0,00    0,00    0,00    0,00   99,90
18:17:49       1    0,00    0,00    0,00    0,00    0,00    0,00    0,00    0,00    0,00  100,00
18:17:49       2    0,00    0,00    0,00    0,10    0,00    0,00    0,00    0,00    0,00   99,90
18:17:49       3    0,00    0,00    0,00    0,00    0,00    0,00    0,00    0,00    0,00  100,00
18:17:49       4    0,00    0,00    0,00    0,00    0,00    0,00    0,00    0,00    0,00  100,00
18:17:49       5    0,00    0,00    0,00    0,00    0,00    0,00    0,00    0,00    0,00  100,00
18:17:49       6    0,00    0,00    0,00    0,00    0,00    0,00    0,00    0,00    0,00  100,00
18:17:49       7    0,00    0,00    0,00    0,00    0,00    0,00    0,00    0,00    0,00  100,00

18:17:49     CPU    %usr   %nice    %sys %iowait    %irq   %soft  %steal  %guest  %gnice   %idle
18:17:59     all    0,03    0,00    0,04    0,03    0,00    0,00    0,00    0,00    0,00   99,91
18:17:59       0    0,00    0,00    0,00    0,00    0,00    0,00    0,00    0,00    0,00  100,00
18:17:59       1    0,00    0,00    0,00    0,00    0,00    0,00    0,00    0,00    0,00  100,00
18:17:59       2    0,00    0,00    0,10    0,20    0,00    0,00    0,00    0,00    0,00   99,70
18:17:59       3    0,10    0,00    0,00    0,00    0,00    0,00    0,00    0,00    0,00   99,90
18:17:59       4    0,00    0,00    0,00    0,00    0,00    0,00    0,00    0,00    0,00  100,00
18:17:59       5    0,10    0,00    0,10    0,00    0,00    0,00    0,00    0,00    0,00   99,80
18:17:59       6    0,00    0,00    0,10    0,00    0,00    0,00    0,00    0,00    0,00   99,90
18:17:59       7    0,00    0,00    0,00    0,00    0,00    0,00    0,00    0,00    0,00  100,00

18:17:59     CPU    %usr   %nice    %sys %iowait    %irq   %soft  %steal  %guest  %gnice   %idle
18:18:09     all    0,01    0,00    0,04    0,03    0,00    0,00    0,00    0,00    0,00   99,92
18:18:09       0    0,00    0,00    0,00    0,00    0,00    0,00    0,00    0,00    0,00  100,00
18:18:09       1    0,00    0,00    0,10    0,00    0,00    0,00    0,00    0,00    0,00   99,90
18:18:09       2    0,00    0,00    0,00    0,20    0,00    0,00    0,00    0,00    0,00   99,80
18:18:09       3    0,00    0,00    0,00    0,00    0,00    0,00    0,00    0,00    0,00  100,00
18:18:09       4    0,00    0,00    0,00    0,00    0,00    0,00    0,00    0,00    0,00  100,00
18:18:09       5    0,00    0,00    0,10    0,00    0,00    0,00    0,00    0,00    0,00   99,90
18:18:09       6    0,10    0,00    0,00    0,00    0,00    0,00    0,00    0,00    0,00   99,90
18:18:09       7    0,00    0,00    0,10    0,00    0,00    0,00    0,00    0,00    0,00   99,90

18:18:09     CPU    %usr   %nice    %sys %iowait    %irq   %soft  %steal  %guest  %gnice   %idle
18:18:19     all    0,04    0,00    0,01    0,03    0,00    0,00    0,00    0,00    0,00   99,92
18:18:19       0    0,10    0,00    0,00    0,00    0,00    0,00    0,00    0,00    0,00   99,90
18:18:19       1    0,00    0,00    0,00    0,00    0,00    0,00    0,00    0,00    0,00  100,00
18:18:19       2    0,00    0,00    0,00    0,10    0,00    0,00    0,00    0,00    0,00   99,90
18:18:19       3    0,00    0,00    0,00    0,00    0,00    0,00    0,00    0,00    0,00  100,00
18:18:19       4    0,00    0,00    0,10    0,00    0,00    0,00    0,00    0,00    0,00   99,90
18:18:19       5    0,00    0,00    0,00    0,10    0,00    0,00    0,00    0,00    0,00   99,90
18:18:19       6    0,00    0,00    0,00    0,00    0,00    0,00    0,00    0,00    0,00  100,00
18:18:19       7    0,20    0,00    0,00    0,00    0,00    0,00    0,00    0,00    0,00   99,80

18:18:19     CPU    %usr   %nice    %sys %iowait    %irq   %soft  %steal  %guest  %gnice   %idle
18:18:29     all    0,00    0,00    0,01    0,03    0,00    0,00    0,00    0,00    0,00   99,96
18:18:29       0    0,00    0,00    0,00    0,00    0,00    0,00    0,00    0,00    0,00  100,00
18:18:29       1    0,00    0,00    0,00    0,00    0,00    0,00    0,00    0,00    0,00  100,00
18:18:29       2    0,00    0,00    0,00    0,20    0,00    0,00    0,00    0,00    0,00   99,80
18:18:29       3    0,00    0,00    0,00    0,00    0,00    0,00    0,00    0,00    0,00  100,00
18:18:29       4    0,00    0,00    0,00    0,00    0,00    0,00    0,00    0,00    0,00  100,00
18:18:29       5    0,00    0,00    0,10    0,00    0,00    0,00    0,00    0,00    0,00   99,90
18:18:29       6    0,00    0,00    0,00    0,00    0,00    0,00    0,00    0,00    0,00  100,00
18:18:29       7    0,00    0,00    0,00    0,00    0,00    0,00    0,00    0,00    0,00  100,00

18:18:29     CPU    %usr   %nice    %sys %iowait    %irq   %soft  %steal  %guest  %gnice   %idle
18:18:39     all    0,00    0,00    0,05    0,03    0,00    0,01    0,00    0,00    0,00   99,91
18:18:39       0    0,00    0,00    0,00    0,00    0,00    0,00    0,00    0,00    0,00  100,00
18:18:39       1    0,00    0,00    0,10    0,00    0,00    0,00    0,00    0,00    0,00   99,90
18:18:39       2    0,00    0,00    0,00    0,20    0,00    0,00    0,00    0,00    0,00   99,80
18:18:39       3    0,00    0,00    0,00    0,00    0,00    0,00    0,00    0,00    0,00  100,00
18:18:39       4    0,00    0,00    0,00    0,00    0,00    0,00    0,00    0,00    0,00  100,00
18:18:39       5    0,00    0,00    0,10    0,00    0,00    0,00    0,00    0,00    0,00   99,90
18:18:39       6    0,00    0,00    0,10    0,00    0,00    0,00    0,00    0,00    0,00   99,90
18:18:39       7    0,00    0,00    0,10    0,00    0,00    0,10    0,00    0,00    0,00   99,80

18:18:39     CPU    %usr   %nice    %sys %iowait    %irq   %soft  %steal  %guest  %gnice   %idle
18:18:49     all    0,01    0,00    0,01    0,03    0,00    0,00    0,00    0,00    0,00   99,95
18:18:49       0    0,00    0,00    0,00    0,00    0,00    0,00    0,00    0,00    0,00  100,00
18:18:49       1    0,00    0,00    0,00    0,00    0,00    0,00    0,00    0,00    0,00  100,00
18:18:49       2    0,00    0,00    0,00    0,00    0,00    0,00    0,00    0,00    0,00  100,00
18:18:49       3    0,00    0,00    0,00    0,00    0,00    0,00    0,00    0,00    0,00  100,00
18:18:49       4    0,00    0,00    0,00    0,00    0,00    0,00    0,00    0,00    0,00  100,00
18:18:49       5    0,10    0,00    0,10    0,10    0,00    0,00    0,00    0,00    0,00   99,70
18:18:49       6    0,00    0,00    0,00    0,10    0,00    0,00    0,00    0,00    0,00   99,90
18:18:49       7    0,00    0,00    0,00    0,00    0,00    0,00    0,00    0,00    0,00  100,00

18:18:49     CPU    %usr   %nice    %sys %iowait    %irq   %soft  %steal  %guest  %gnice   %idle
18:18:59     all    0,00    0,00    0,00    0,01    0,00    0,00    0,00    0,00    0,00   99,99
18:18:59       0    0,00    0,00    0,00    0,00    0,00    0,00    0,00    0,00    0,00  100,00
18:18:59       1    0,00    0,00    0,00    0,00    0,00    0,00    0,00    0,00    0,00  100,00
18:18:59       2    0,00    0,00    0,00    0,00    0,00    0,00    0,00    0,00    0,00  100,00
18:18:59       3    0,00    0,00    0,00    0,00    0,00    0,00    0,00    0,00    0,00  100,00
18:18:59       4    0,00    0,00    0,00    0,00    0,00    0,00    0,00    0,00    0,00  100,00
18:18:59       5    0,00    0,00    0,00    0,00    0,00    0,00    0,00    0,00    0,00  100,00
18:18:59       6    0,00    0,00    0,00    0,10    0,00    0,00    0,00    0,00    0,00   99,90
18:18:59       7    0,00    0,00    0,00    0,00    0,00    0,00    0,00    0,00    0,00  100,00

18:18:59     CPU    %usr   %nice    %sys %iowait    %irq   %soft  %steal  %guest  %gnice   %idle
18:19:09     all    0,01    0,00    0,04    0,03    0,00    0,00    0,00    0,00    0,00   99,92
18:19:09       0    0,00    0,00    0,00    0,00    0,00    0,00    0,00    0,00    0,00  100,00
18:19:09       1    0,00    0,00    0,00    0,00    0,00    0,00    0,00    0,00    0,00  100,00
18:19:09       2    0,00    0,00    0,10    0,00    0,00    0,00    0,00    0,00    0,00   99,90
18:19:09       3    0,00    0,00    0,00    0,00    0,00    0,00    0,00    0,00    0,00  100,00
18:19:09       4    0,00    0,00    0,00    0,00    0,00    0,00    0,00    0,00    0,00  100,00
18:19:09       5    0,00    0,00    0,10    0,00    0,00    0,00    0,00    0,00    0,00   99,90
18:19:09       6    0,10    0,00    0,10    0,20    0,00    0,00    0,00    0,00    0,00   99,60
18:19:09       7    0,00    0,00    0,00    0,00    0,00    0,00    0,00    0,00    0,00  100,00

18:19:09     CPU    %usr   %nice    %sys %iowait    %irq   %soft  %steal  %guest  %gnice   %idle
18:19:19     all    0,01    0,00    0,01    0,01    0,00    0,00    0,00    0,00    0,00   99,96
18:19:19       0    0,00    0,00    0,00    0,00    0,00    0,00    0,00    0,00    0,00  100,00
18:19:19       1    0,00    0,00    0,00    0,00    0,00    0,00    0,00    0,00    0,00  100,00
18:19:19       2    0,00    0,00    0,00    0,00    0,00    0,00    0,00    0,00    0,00  100,00
18:19:19       3    0,00    0,00    0,00    0,00    0,00    0,00    0,00    0,00    0,00  100,00
18:19:19       4    0,00    0,00    0,00    0,00    0,00    0,00    0,00    0,00    0,00  100,00
18:19:19       5    0,00    0,00    0,10    0,00    0,00    0,00    0,00    0,00    0,00   99,90
18:19:19       6    0,10    0,00    0,00    0,10    0,00    0,00    0,00    0,00    0,00   99,80
18:19:19       7    0,00    0,00    0,00    0,00    0,00    0,00    0,00    0,00    0,00  100,00

18:19:19     CPU    %usr   %nice    %sys %iowait    %irq   %soft  %steal  %guest  %gnice   %idle
18:19:29     all    0,04    0,00    0,03    0,04    0,00    0,00    0,00    0,00    0,00   99,90
18:19:29       0    0,00    0,00    0,00    0,00    0,00    0,00    0,00    0,00    0,00  100,00
18:19:29       1    0,00    0,00    0,00    0,00    0,00    0,00    0,00    0,00    0,00  100,00
18:19:29       2    0,10    0,00    0,00    0,00    0,00    0,00    0,00    0,00    0,00   99,90
18:19:29       3    0,00    0,00    0,00    0,10    0,00    0,00    0,00    0,00    0,00   99,90
18:19:29       4    0,00    0,00    0,00    0,00    0,00    0,00    0,00    0,00    0,00  100,00
18:19:29       5    0,10    0,00    0,10    0,00    0,00    0,00    0,00    0,00    0,00   99,80
18:19:29       6    0,00    0,00    0,00    0,20    0,00    0,00    0,00    0,00    0,00   99,80
18:19:29       7    0,10    0,00    0,10    0,00    0,00    0,00    0,00    0,00    0,00   99,80

18:19:29     CPU    %usr   %nice    %sys %iowait    %irq   %soft  %steal  %guest  %gnice   %idle
18:19:39     all    0,00    0,00    0,01    0,03    0,00    0,00    0,00    0,00    0,00   99,96
18:19:39       0    0,00    0,00    0,00    0,00    0,00    0,00    0,00    0,00    0,00  100,00
18:19:39       1    0,00    0,00    0,00    0,00    0,00    0,00    0,00    0,00    0,00  100,00
18:19:39       2    0,00    0,00    0,00    0,00    0,00    0,00    0,00    0,00    0,00  100,00
18:19:39       3    0,00    0,00    0,00    0,00    0,00    0,00    0,00    0,00    0,00  100,00
18:19:39       4    0,00    0,00    0,00    0,00    0,00    0,00    0,00    0,00    0,00  100,00
18:19:39       5    0,00    0,00    0,00    0,20    0,00    0,00    0,00    0,00    0,00   99,80
18:19:39       6    0,00    0,00    0,10    0,00    0,00    0,00    0,00    0,00    0,00   99,90
18:19:39       7    0,00    0,00    0,00    0,00    0,00    0,00    0,00    0,00    0,00  100,00

18:19:39     CPU    %usr   %nice    %sys %iowait    %irq   %soft  %steal  %guest  %gnice   %idle
18:19:49     all    0,01    0,00    0,04    0,01    0,00    0,00    0,00    0,00    0,00   99,94
18:19:49       0    0,00    0,00    0,00    0,00    0,00    0,00    0,00    0,00    0,00  100,00
18:19:49       1    0,00    0,00    0,10    0,00    0,00    0,00    0,00    0,00    0,00   99,90
18:19:49       2    0,00    0,00    0,00    0,00    0,00    0,00    0,00    0,00    0,00  100,00
18:19:49       3    0,00    0,00    0,00    0,00    0,00    0,00    0,00    0,00    0,00  100,00
18:19:49       4    0,10    0,00    0,00    0,00    0,00    0,00    0,00    0,00    0,00   99,90
18:19:49       5    0,00    0,00    0,10    0,10    0,00    0,00    0,00    0,00    0,00   99,80
18:19:49       6    0,00    0,00    0,00    0,00    0,00    0,00    0,00    0,00    0,00  100,00
18:19:49       7    0,00    0,00    0,10    0,00    0,00    0,00    0,00    0,00    0,00   99,90

18:19:49     CPU    %usr   %nice    %sys %iowait    %irq   %soft  %steal  %guest  %gnice   %idle
18:19:59     all    0,01    0,00    0,03    0,03    0,00    0,00    0,00    0,00    0,00   99,94
18:19:59       0    0,00    0,00    0,10    0,20    0,00    0,00    0,00    0,00    0,00   99,70
18:19:59       1    0,00    0,00    0,00    0,00    0,00    0,00    0,00    0,00    0,00  100,00
18:19:59       2    0,00    0,00    0,00    0,00    0,00    0,00    0,00    0,00    0,00  100,00
18:19:59       3    0,00    0,00    0,00    0,00    0,00    0,00    0,00    0,00    0,00  100,00
18:19:59       4    0,00    0,00    0,10    0,00    0,00    0,00    0,00    0,00    0,00   99,90
18:19:59       5    0,10    0,00    0,00    0,00    0,00    0,00    0,00    0,00    0,00   99,90
18:19:59       6    0,00    0,00    0,00    0,00    0,00    0,00    0,00    0,00    0,00  100,00
18:19:59       7    0,00    0,00    0,00    0,00    0,00    0,00    0,00    0,00    0,00  100,00

18:19:59     CPU    %usr   %nice    %sys %iowait    %irq   %soft  %steal  %guest  %gnice   %idle
18:20:09     all    0,03    0,00    0,01    0,04    0,00    0,00    0,00    0,00    0,00   99,92
18:20:09       0    0,00    0,00    0,00    0,00    0,00    0,00    0,00    0,00    0,00  100,00
18:20:09       1    0,10    0,00    0,00    0,20    0,00    0,00    0,00    0,00    0,00   99,70
18:20:09       2    0,00    0,00    0,00    0,00    0,00    0,00    0,00    0,00    0,00  100,00
18:20:09       3    0,00    0,00    0,00    0,00    0,00    0,00    0,00    0,00    0,00  100,00
18:20:09       4    0,00    0,00    0,00    0,00    0,00    0,00    0,00    0,00    0,00  100,00
18:20:09       5    0,00    0,00    0,10    0,10    0,00    0,00    0,00    0,00    0,00   99,80
18:20:09       6    0,10    0,00    0,00    0,00    0,00    0,00    0,00    0,00    0,00   99,90
18:20:09       7    0,00    0,00    0,00    0,00    0,00    0,00    0,00    0,00    0,00  100,00

18:20:09     CPU    %usr   %nice    %sys %iowait    %irq   %soft  %steal  %guest  %gnice   %idle
18:20:19     all    0,04    0,00    0,03    0,03    0,00    0,00    0,00    0,00    0,00   99,91
18:20:19       0    0,10    0,00    0,00    0,20    0,00    0,00    0,00    0,00    0,00   99,70
18:20:19       1    0,00    0,00    0,00    0,00    0,00    0,00    0,00    0,00    0,00  100,00
18:20:19       2    0,00    0,00    0,10    0,00    0,00    0,00    0,00    0,00    0,00   99,90
18:20:19       3    0,00    0,00    0,00    0,00    0,00    0,00    0,00    0,00    0,00  100,00
18:20:19       4    0,00    0,00    0,00    0,00    0,00    0,00    0,00    0,00    0,00  100,00
18:20:19       5    0,00    0,00    0,10    0,00    0,00    0,00    0,00    0,00    0,00   99,90
18:20:19       6    0,10    0,00    0,00    0,00    0,00    0,00    0,00    0,00    0,00   99,90
18:20:19       7    0,10    0,00    0,00    0,00    0,00    0,00    0,00    0,00    0,00   99,90

18:20:19     CPU    %usr   %nice    %sys %iowait    %irq   %soft  %steal  %guest  %gnice   %idle
18:20:29     all    0,00    0,00    0,05    0,05    0,00    0,00    0,00    0,00    0,00   99,90
18:20:29       0    0,00    0,00    0,10    0,10    0,00    0,00    0,00    0,00    0,00   99,80
18:20:29       1    0,00    0,00    0,00    0,00    0,00    0,00    0,00    0,00    0,00  100,00
18:20:29       2    0,00    0,00    0,00    0,00    0,00    0,00    0,00    0,00    0,00  100,00
18:20:29       3    0,00    0,00    0,00    0,00    0,00    0,00    0,00    0,00    0,00  100,00
18:20:29       4    0,00    0,00    0,00    0,10    0,00    0,00    0,00    0,00    0,00   99,90
18:20:29       5    0,00    0,00    0,10    0,00    0,00    0,00    0,00    0,00    0,00   99,90
18:20:29       6    0,00    0,00    0,10    0,00    0,00    0,00    0,00    0,00    0,00   99,90
18:20:29       7    0,00    0,00    0,10    0,20    0,00    0,00    0,00    0,00    0,00   99,70

18:20:29     CPU    %usr   %nice    %sys %iowait    %irq   %soft  %steal  %guest  %gnice   %idle
18:20:39     all    0,00    0,00    0,03    0,01    0,00    0,00    0,00    0,00    0,00   99,96
18:20:39       0    0,00    0,00    0,00    0,10    0,00    0,00    0,00    0,00    0,00   99,90
18:20:39       1    0,00    0,00    0,00    0,00    0,00    0,00    0,00    0,00    0,00  100,00
18:20:39       2    0,00    0,00    0,00    0,00    0,00    0,00    0,00    0,00    0,00  100,00
18:20:39       3    0,00    0,00    0,00    0,00    0,00    0,00    0,00    0,00    0,00  100,00
18:20:39       4    0,00    0,00    0,10    0,00    0,00    0,00    0,00    0,00    0,00   99,90
18:20:39       5    0,00    0,00    0,10    0,00    0,00    0,00    0,00    0,00    0,00   99,90
18:20:39       6    0,00    0,00    0,00    0,00    0,00    0,00    0,00    0,00    0,00  100,00
18:20:39       7    0,00    0,00    0,00    0,00    0,00    0,00    0,00    0,00    0,00  100,00

18:20:39     CPU    %usr   %nice    %sys %iowait    %irq   %soft  %steal  %guest  %gnice   %idle
18:20:49     all    0,00    0,00    0,01    0,01    0,00    0,00    0,00    0,00    0,00   99,97
18:20:49       0    0,00    0,00    0,00    0,10    0,00    0,00    0,00    0,00    0,00   99,90
18:20:49       1    0,00    0,00    0,00    0,00    0,00    0,00    0,00    0,00    0,00  100,00
18:20:49       2    0,00    0,00    0,00    0,00    0,00    0,00    0,00    0,00    0,00  100,00
18:20:49       3    0,00    0,00    0,00    0,00    0,00    0,00    0,00    0,00    0,00  100,00
18:20:49       4    0,00    0,00    0,00    0,00    0,00    0,00    0,00    0,00    0,00  100,00
18:20:49       5    0,00    0,00    0,00    0,00    0,00    0,00    0,00    0,00    0,00  100,00
18:20:49       6    0,00    0,00    0,00    0,00    0,00    0,00    0,00    0,00    0,00  100,00
18:20:49       7    0,00    0,00    0,10    0,00    0,00    0,00    0,00    0,00    0,00   99,90

18:20:49     CPU    %usr   %nice    %sys %iowait    %irq   %soft  %steal  %guest  %gnice   %idle
18:20:59     all    0,01    0,01    0,03    0,04    0,00    0,00    0,00    0,00    0,00   99,91
18:20:59       0    0,00    0,00    0,00    0,30    0,00    0,00    0,00    0,00    0,00   99,70
18:20:59       1    0,00    0,00    0,00    0,00    0,00    0,00    0,00    0,00    0,00  100,00
18:20:59       2    0,00    0,10    0,00    0,00    0,00    0,00    0,00    0,00    0,00   99,90
18:20:59       3    0,00    0,00    0,10    0,00    0,00    0,00    0,00    0,00    0,00   99,90
18:20:59       4    0,00    0,00    0,00    0,00    0,00    0,00    0,00    0,00    0,00  100,00
18:20:59       5    0,10    0,00    0,10    0,00    0,00    0,00    0,00    0,00    0,00   99,80
18:20:59       6    0,00    0,00    0,00    0,00    0,00    0,00    0,00    0,00    0,00  100,00
18:20:59       7    0,00    0,00    0,00    0,00    0,00    0,00    0,00    0,00    0,00  100,00

18:20:59     CPU    %usr   %nice    %sys %iowait    %irq   %soft  %steal  %guest  %gnice   %idle
18:21:09     all    0,01    0,00    0,01    0,04    0,00    0,01    0,00    0,00    0,00   99,92
18:21:09       0    0,00    0,00    0,00    0,20    0,00    0,00    0,00    0,00    0,00   99,80
18:21:09       1    0,00    0,00    0,00    0,00    0,00    0,00    0,00    0,00    0,00  100,00
18:21:09       2    0,00    0,00    0,10    0,00    0,00    0,00    0,00    0,00    0,00   99,90
18:21:09       3    0,00    0,00    0,00    0,00    0,00    0,00    0,00    0,00    0,00  100,00
18:21:09       4    0,00    0,00    0,00    0,00    0,00    0,00    0,00    0,00    0,00  100,00
18:21:09       5    0,00    0,00    0,00    0,10    0,00    0,00    0,00    0,00    0,00   99,90
18:21:09       6    0,00    0,00    0,00    0,00    0,00    0,00    0,00    0,00    0,00  100,00
18:21:09       7    0,10    0,00    0,00    0,00    0,00    0,10    0,00    0,00    0,00   99,80

18:21:09     CPU    %usr   %nice    %sys %iowait    %irq   %soft  %steal  %guest  %gnice   %idle
18:21:19     all    0,04    0,00    0,04    0,03    0,00    0,00    0,00    0,00    0,00   99,90
18:21:19       0    0,00    0,00    0,10    0,20    0,00    0,00    0,00    0,00    0,00   99,70
18:21:19       1    0,00    0,00    0,00    0,00    0,00    0,00    0,00    0,00    0,00  100,00
18:21:19       2    0,00    0,00    0,00    0,00    0,00    0,00    0,00    0,00    0,00  100,00
18:21:19       3    0,00    0,00    0,00    0,00    0,00    0,00    0,00    0,00    0,00  100,00
18:21:19       4    0,00    0,00    0,00    0,00    0,00    0,00    0,00    0,00    0,00  100,00
18:21:19       5    0,10    0,00    0,10    0,00    0,00    0,00    0,00    0,00    0,00   99,80
18:21:19       6    0,00    0,00    0,00    0,00    0,00    0,00    0,00    0,00    0,00  100,00
18:21:19       7    0,20    0,00    0,10    0,00    0,00    0,00    0,00    0,00    0,00   99,70

18:21:19     CPU    %usr   %nice    %sys %iowait    %irq   %soft  %steal  %guest  %gnice   %idle
18:21:29     all    0,01    0,00    0,00    0,04    0,00    0,00    0,00    0,00    0,00   99,95
18:21:29       0    0,00    0,00    0,00    0,00    0,00    0,00    0,00    0,00    0,00  100,00
18:21:29       1    0,00    0,00    0,00    0,00    0,00    0,00    0,00    0,00    0,00  100,00
18:21:29       2    0,00    0,00    0,00    0,00    0,00    0,00    0,00    0,00    0,00  100,00
18:21:29       3    0,00    0,00    0,00    0,00    0,00    0,00    0,00    0,00    0,00  100,00
18:21:29       4    0,10    0,00    0,00    0,20    0,00    0,00    0,00    0,00    0,00   99,70
18:21:29       5    0,00    0,00    0,00    0,10    0,00    0,00    0,00    0,00    0,00   99,90
18:21:29       6    0,00    0,00    0,00    0,00    0,00    0,00    0,00    0,00    0,00  100,00
18:21:29       7    0,00    0,00    0,00    0,00    0,00    0,00    0,00    0,00    0,00  100,00

18:21:29     CPU    %usr   %nice    %sys %iowait    %irq   %soft  %steal  %guest  %gnice   %idle
18:21:39     all    0,01    0,00    0,04    0,01    0,00    0,00    0,00    0,00    0,00   99,94
18:21:39       0    0,00    0,00    0,00    0,00    0,00    0,00    0,00    0,00    0,00  100,00
18:21:39       1    0,00    0,00    0,00    0,00    0,00    0,00    0,00    0,00    0,00  100,00
18:21:39       2    0,10    0,00    0,10    0,00    0,00    0,00    0,00    0,00    0,00   99,80
18:21:39       3    0,00    0,00    0,00    0,00    0,00    0,00    0,00    0,00    0,00  100,00
18:21:39       4    0,00    0,00    0,10    0,10    0,00    0,00    0,00    0,00    0,00   99,80
18:21:39       5    0,00    0,00    0,10    0,00    0,00    0,00    0,00    0,00    0,00   99,90
18:21:39       6    0,00    0,00    0,00    0,00    0,00    0,00    0,00    0,00    0,00  100,00
18:21:39       7    0,00    0,00    0,00    0,00    0,00    0,00    0,00    0,00    0,00  100,00

18:21:39     CPU    %usr   %nice    %sys %iowait    %irq   %soft  %steal  %guest  %gnice   %idle
18:21:49     all    0,13    0,00    0,16    0,20    0,00    0,01    0,00    0,00    0,00   99,50
18:21:49       0    0,10    0,00    0,10    0,20    0,00    0,10    0,00    0,00    0,00   99,50
18:21:49       1    0,10    0,00    0,20    0,00    0,00    0,00    0,00    0,00    0,00   99,70
18:21:49       2    0,10    0,00    0,10    0,10    0,00    0,00    0,00    0,00    0,00   99,70
18:21:49       3    0,20    0,00    0,10    0,00    0,00    0,00    0,00    0,00    0,00   99,70
18:21:49       4    0,30    0,00    0,30    0,40    0,00    0,00    0,00    0,00    0,00   99,00
18:21:49       5    0,00    0,00    0,10    0,00    0,00    0,00    0,00    0,00    0,00   99,90
18:21:49       6    0,10    0,00    0,10    0,00    0,00    0,00    0,00    0,00    0,00   99,80
18:21:49       7    0,10    0,00    0,30    0,90    0,00    0,00    0,00    0,00    0,00   98,69

18:21:49     CPU    %usr   %nice    %sys %iowait    %irq   %soft  %steal  %guest  %gnice   %idle
18:21:59     all    0,04    0,00    0,04    0,03    0,00    0,01    0,00    0,00    0,00   99,89
18:21:59       0    0,10    0,00    0,00    0,00    0,00    0,00    0,00    0,00    0,00   99,90
18:21:59       1    0,00    0,00    0,00    0,10    0,00    0,00    0,00    0,00    0,00   99,90
18:21:59       2    0,00    0,00    0,10    0,00    0,00    0,10    0,00    0,00    0,00   99,80
18:21:59       3    0,00    0,00    0,00    0,00    0,00    0,00    0,00    0,00    0,00  100,00
18:21:59       4    0,10    0,00    0,00    0,00    0,00    0,00    0,00    0,00    0,00   99,90
18:21:59       5    0,10    0,00    0,10    0,10    0,00    0,00    0,00    0,00    0,00   99,70
18:21:59       6    0,00    0,00    0,00    0,00    0,00    0,00    0,00    0,00    0,00  100,00
18:21:59       7    0,00    0,00    0,10    0,00    0,00    0,00    0,00    0,00    0,00   99,90

18:21:59     CPU    %usr   %nice    %sys %iowait    %irq   %soft  %steal  %guest  %gnice   %idle
18:22:09     all    0,03    0,00    0,05    0,31    0,00    0,00    0,00    0,00    0,00   99,61
18:22:09       0    0,00    0,00    0,00    0,10    0,00    0,00    0,00    0,00    0,00   99,90
18:22:09       1    0,00    0,00    0,10    0,30    0,00    0,00    0,00    0,00    0,00   99,60
18:22:09       2    0,00    0,00    0,00    0,10    0,00    0,00    0,00    0,00    0,00   99,90
18:22:09       3    0,00    0,00    0,10    1,20    0,00    0,00    0,00    0,00    0,00   98,70
18:22:09       4    0,00    0,00    0,00    0,30    0,00    0,00    0,00    0,00    0,00   99,70
18:22:09       5    0,00    0,00    0,00    0,30    0,00    0,00    0,00    0,00    0,00   99,70
18:22:09       6    0,10    0,00    0,10    0,10    0,00    0,00    0,00    0,00    0,00   99,70
18:22:09       7    0,10    0,00    0,10    0,10    0,00    0,00    0,00    0,00    0,00   99,70

18:22:09     CPU    %usr   %nice    %sys %iowait    %irq   %soft  %steal  %guest  %gnice   %idle
18:22:19     all    0,01    0,01    0,03    0,03    0,00    0,00    0,00    0,00    0,00   99,92
18:22:19       0    0,00    0,00    0,10    0,00    0,00    0,00    0,00    0,00    0,00   99,90
18:22:19       1    0,00    0,00    0,00    0,00    0,00    0,00    0,00    0,00    0,00  100,00
18:22:19       2    0,00    0,00    0,00    0,00    0,00    0,00    0,00    0,00    0,00  100,00
18:22:19       3    0,00    0,00    0,00    0,00    0,00    0,00    0,00    0,00    0,00  100,00
18:22:19       4    0,00    0,00    0,00    0,00    0,00    0,00    0,00    0,00    0,00  100,00
18:22:19       5    0,00    0,10    0,10    0,20    0,00    0,00    0,00    0,00    0,00   99,60
18:22:19       6    0,00    0,00    0,00    0,00    0,00    0,00    0,00    0,00    0,00  100,00
18:22:19       7    0,10    0,00    0,00    0,00    0,00    0,00    0,00    0,00    0,00   99,90

18:22:19     CPU    %usr   %nice    %sys %iowait    %irq   %soft  %steal  %guest  %gnice   %idle
18:22:29     all    0,01    0,00    0,00    0,01    0,00    0,00    0,00    0,00    0,00   99,97
18:22:29       0    0,00    0,00    0,00    0,00    0,00    0,00    0,00    0,00    0,00  100,00
18:22:29       1    0,10    0,00    0,00    0,00    0,00    0,00    0,00    0,00    0,00   99,90
18:22:29       2    0,00    0,00    0,00    0,00    0,00    0,00    0,00    0,00    0,00  100,00
18:22:29       3    0,00    0,00    0,00    0,00    0,00    0,00    0,00    0,00    0,00  100,00
18:22:29       4    0,00    0,00    0,00    0,00    0,00    0,00    0,00    0,00    0,00  100,00
18:22:29       5    0,00    0,00    0,00    0,10    0,00    0,00    0,00    0,00    0,00   99,90
18:22:29       6    0,00    0,00    0,00    0,00    0,00    0,00    0,00    0,00    0,00  100,00
18:22:29       7    0,00    0,00    0,00    0,00    0,00    0,00    0,00    0,00    0,00  100,00

18:22:29     CPU    %usr   %nice    %sys %iowait    %irq   %soft  %steal  %guest  %gnice   %idle
18:22:39     all    0,00    0,00    0,04    0,03    0,00    0,00    0,00    0,00    0,00   99,94
18:22:39       0    0,00    0,00    0,00    0,00    0,00    0,00    0,00    0,00    0,00  100,00
18:22:39       1    0,00    0,00    0,00    0,00    0,00    0,00    0,00    0,00    0,00  100,00
18:22:39       2    0,00    0,00    0,10    0,00    0,00    0,00    0,00    0,00    0,00   99,90
18:22:39       3    0,00    0,00    0,00    0,00    0,00    0,00    0,00    0,00    0,00  100,00
18:22:39       4    0,00    0,00    0,10    0,00    0,00    0,00    0,00    0,00    0,00   99,90
18:22:39       5    0,00    0,00    0,10    0,20    0,00    0,00    0,00    0,00    0,00   99,70
18:22:39       6    0,00    0,00    0,00    0,00    0,00    0,00    0,00    0,00    0,00  100,00
18:22:39       7    0,00    0,00    0,00    0,00    0,00    0,00    0,00    0,00    0,00  100,00

18:22:39     CPU    %usr   %nice    %sys %iowait    %irq   %soft  %steal  %guest  %gnice   %idle
18:22:49     all    0,05    0,00    0,03    0,01    0,00    0,00    0,00    0,00    0,00   99,91
18:22:49       0    0,00    0,00    0,00    0,00    0,00    0,00    0,00    0,00    0,00  100,00
18:22:49       1    0,00    0,00    0,00    0,00    0,00    0,00    0,00    0,00    0,00  100,00
18:22:49       2    0,10    0,00    0,00    0,00    0,00    0,00    0,00    0,00    0,00   99,90
18:22:49       3    0,10    0,00    0,00    0,00    0,00    0,00    0,00    0,00    0,00   99,90
18:22:49       4    0,00    0,00    0,00    0,00    0,00    0,00    0,00    0,00    0,00  100,00
18:22:49       5    0,10    0,00    0,10    0,10    0,00    0,00    0,00    0,00    0,00   99,70
18:22:49       6    0,00    0,00    0,00    0,00    0,00    0,00    0,00    0,00    0,00  100,00
18:22:49       7    0,10    0,00    0,10    0,00    0,00    0,00    0,00    0,00    0,00   99,80

18:22:49     CPU    %usr   %nice    %sys %iowait    %irq   %soft  %steal  %guest  %gnice   %idle
18:22:59     all    0,00    0,00    0,05    0,03    0,00    0,00    0,00    0,00    0,00   99,92
18:22:59       0    0,00    0,00    0,00    0,00    0,00    0,00    0,00    0,00    0,00  100,00
18:22:59       1    0,00    0,00    0,10    0,00    0,00    0,00    0,00    0,00    0,00   99,90
18:22:59       2    0,00    0,00    0,00    0,00    0,00    0,00    0,00    0,00    0,00  100,00
18:22:59       3    0,00    0,00    0,10    0,00    0,00    0,00    0,00    0,00    0,00   99,90
18:22:59       4    0,00    0,00    0,00    0,00    0,00    0,00    0,00    0,00    0,00  100,00
18:22:59       5    0,00    0,00    0,10    0,20    0,00    0,00    0,00    0,00    0,00   99,70
18:22:59       6    0,00    0,00    0,10    0,00    0,00    0,00    0,00    0,00    0,00   99,90
18:22:59       7    0,00    0,00    0,00    0,00    0,00    0,00    0,00    0,00    0,00  100,00

18:22:59     CPU    %usr   %nice    %sys %iowait    %irq   %soft  %steal  %guest  %gnice   %idle
18:23:09     all    0,00    0,00    0,04    0,03    0,00    0,00    0,00    0,00    0,00   99,94
18:23:09       0    0,00    0,00    0,00    0,00    0,00    0,00    0,00    0,00    0,00  100,00
18:23:09       1    0,00    0,00    0,00    0,00    0,00    0,00    0,00    0,00    0,00  100,00
18:23:09       2    0,00    0,00    0,00    0,00    0,00    0,00    0,00    0,00    0,00  100,00
18:23:09       3    0,00    0,00    0,00    0,00    0,00    0,00    0,00    0,00    0,00  100,00
18:23:09       4    0,00    0,00    0,10    0,00    0,00    0,00    0,00    0,00    0,00   99,90
18:23:09       5    0,00    0,00    0,10    0,20    0,00    0,00    0,00    0,00    0,00   99,70
18:23:09       6    0,00    0,00    0,00    0,00    0,00    0,00    0,00    0,00    0,00  100,00
18:23:09       7    0,00    0,00    0,10    0,00    0,00    0,00    0,00    0,00    0,00   99,90

18:23:09     CPU    %usr   %nice    %sys %iowait    %irq   %soft  %steal  %guest  %gnice   %idle
18:23:19     all    0,03    0,00    0,13    0,05    0,00    0,00    0,00    0,00    0,00   99,80
18:23:19       0    0,00    0,00    0,00    0,00    0,00    0,00    0,00    0,00    0,00  100,00
18:23:19       1    0,00    0,00    0,00    0,00    0,00    0,00    0,00    0,00    0,00  100,00
18:23:19       2    0,00    0,00    0,00    0,00    0,00    0,00    0,00    0,00    0,00  100,00
18:23:19       3    0,00    0,00    0,40    0,00    0,00    0,00    0,00    0,00    0,00   99,60
18:23:19       4    0,00    0,00    0,60    0,20    0,00    0,00    0,00    0,00    0,00   99,20
18:23:19       5    0,00    0,00    0,00    0,10    0,00    0,00    0,00    0,00    0,00   99,90
18:23:19       6    0,20    0,00    0,00    0,00    0,00    0,00    0,00    0,00    0,00   99,80
18:23:19       7    0,00    0,00    0,00    0,10    0,00    0,00    0,00    0,00    0,00   99,90

18:23:19     CPU    %usr   %nice    %sys %iowait    %irq   %soft  %steal  %guest  %gnice   %idle
18:23:29     all    0,01    0,01    0,03    0,03    0,00    0,00    0,00    0,00    0,00   99,92
18:23:29       0    0,00    0,10    0,10    0,00    0,00    0,00    0,00    0,00    0,00   99,80
18:23:29       1    0,00    0,00    0,00    0,00    0,00    0,00    0,00    0,00    0,00  100,00
18:23:29       2    0,00    0,00    0,00    0,00    0,00    0,00    0,00    0,00    0,00  100,00
18:23:29       3    0,00    0,00    0,00    0,00    0,00    0,00    0,00    0,00    0,00  100,00
18:23:29       4    0,00    0,00    0,00    0,00    0,00    0,00    0,00    0,00    0,00  100,00
18:23:29       5    0,10    0,00    0,10    0,20    0,00    0,00    0,00    0,00    0,00   99,60
18:23:29       6    0,00    0,00    0,00    0,00    0,00    0,00    0,00    0,00    0,00  100,00
18:23:29       7    0,00    0,00    0,00    0,00    0,00    0,00    0,00    0,00    0,00  100,00

18:23:29     CPU    %usr   %nice    %sys %iowait    %irq   %soft  %steal  %guest  %gnice   %idle
18:23:39     all    0,00    0,00    0,01    0,04    0,00    0,00    0,00    0,00    0,00   99,95
18:23:39       0    0,00    0,00    0,00    0,00    0,00    0,00    0,00    0,00    0,00  100,00
18:23:39       1    0,00    0,00    0,00    0,10    0,00    0,00    0,00    0,00    0,00   99,90
18:23:39       2    0,00    0,00    0,10    0,00    0,00    0,00    0,00    0,00    0,00   99,90
18:23:39       3    0,00    0,00    0,00    0,00    0,00    0,00    0,00    0,00    0,00  100,00
18:23:39       4    0,00    0,00    0,00    0,00    0,00    0,00    0,00    0,00    0,00  100,00
18:23:39       5    0,00    0,00    0,00    0,20    0,00    0,00    0,00    0,00    0,00   99,80
18:23:39       6    0,00    0,00    0,00    0,00    0,00    0,00    0,00    0,00    0,00  100,00
18:23:39       7    0,00    0,00    0,00    0,00    0,00    0,00    0,00    0,00    0,00  100,00

18:23:39     CPU    %usr   %nice    %sys %iowait    %irq   %soft  %steal  %guest  %gnice   %idle
18:23:49     all    0,00    0,00    0,01    0,01    0,00    0,00    0,00    0,00    0,00   99,97
18:23:49       0    0,00    0,00    0,00    0,00    0,00    0,00    0,00    0,00    0,00  100,00
18:23:49       1    0,00    0,00    0,00    0,00    0,00    0,00    0,00    0,00    0,00  100,00
18:23:49       2    0,00    0,00    0,00    0,00    0,00    0,00    0,00    0,00    0,00  100,00
18:23:49       3    0,00    0,00    0,00    0,00    0,00    0,00    0,00    0,00    0,00  100,00
18:23:49       4    0,00    0,00    0,00    0,00    0,00    0,00    0,00    0,00    0,00  100,00
18:23:49       5    0,00    0,00    0,00    0,10    0,00    0,00    0,00    0,00    0,00   99,90
18:23:49       6    0,00    0,00    0,10    0,00    0,00    0,00    0,00    0,00    0,00   99,90
18:23:49       7    0,00    0,00    0,00    0,00    0,00    0,00    0,00    0,00    0,00  100,00

18:23:49     CPU    %usr   %nice    %sys %iowait    %irq   %soft  %steal  %guest  %gnice   %idle
18:23:59     all    0,01    0,00    0,05    0,01    0,00    0,00    0,00    0,00    0,00   99,92
18:23:59       0    0,00    0,00    0,00    0,00    0,00    0,00    0,00    0,00    0,00  100,00
18:23:59       1    0,10    0,00    0,10    0,00    0,00    0,00    0,00    0,00    0,00   99,80
18:23:59       2    0,00    0,00    0,00    0,10    0,00    0,00    0,00    0,00    0,00   99,90
18:23:59       3    0,00    0,00    0,00    0,00    0,00    0,00    0,00    0,00    0,00  100,00
18:23:59       4    0,00    0,00    0,00    0,00    0,00    0,00    0,00    0,00    0,00  100,00
18:23:59       5    0,00    0,00    0,10    0,00    0,00    0,00    0,00    0,00    0,00   99,90
18:23:59       6    0,00    0,00    0,10    0,00    0,00    0,00    0,00    0,00    0,00   99,90
18:23:59       7    0,00    0,00    0,10    0,00    0,00    0,00    0,00    0,00    0,00   99,90

18:23:59     CPU    %usr   %nice    %sys %iowait    %irq   %soft  %steal  %guest  %gnice   %idle
18:24:09     all    0,00    0,00    0,01    0,04    0,00    0,01    0,00    0,00    0,00   99,94
18:24:09       0    0,00    0,00    0,10    0,00    0,00    0,00    0,00    0,00    0,00   99,90
18:24:09       1    0,00    0,00    0,00    0,00    0,00    0,00    0,00    0,00    0,00  100,00
18:24:09       2    0,00    0,00    0,00    0,20    0,00    0,00    0,00    0,00    0,00   99,80
18:24:09       3    0,00    0,00    0,00    0,00    0,00    0,00    0,00    0,00    0,00  100,00
18:24:09       4    0,00    0,00    0,00    0,00    0,00    0,00    0,00    0,00    0,00  100,00
18:24:09       5    0,00    0,00    0,00    0,10    0,00    0,00    0,00    0,00    0,00   99,90
18:24:09       6    0,00    0,00    0,00    0,00    0,00    0,00    0,00    0,00    0,00  100,00
18:24:09       7    0,00    0,00    0,00    0,00    0,00    0,10    0,00    0,00    0,00   99,90

18:24:09     CPU    %usr   %nice    %sys %iowait    %irq   %soft  %steal  %guest  %gnice   %idle
18:24:19     all    0,04    0,00    0,01    0,01    0,00    0,00    0,00    0,00    0,00   99,94
18:24:19       0    0,00    0,00    0,10    0,00    0,00    0,00    0,00    0,00    0,00   99,90
18:24:19       1    0,00    0,00    0,00    0,00    0,00    0,00    0,00    0,00    0,00  100,00
18:24:19       2    0,00    0,00    0,00    0,00    0,00    0,00    0,00    0,00    0,00  100,00
18:24:19       3    0,00    0,00    0,00    0,00    0,00    0,00    0,00    0,00    0,00  100,00
18:24:19       4    0,10    0,00    0,00    0,10    0,00    0,00    0,00    0,00    0,00   99,80
18:24:19       5    0,00    0,00    0,00    0,00    0,00    0,00    0,00    0,00    0,00  100,00
18:24:19       6    0,20    0,00    0,00    0,00    0,00    0,00    0,00    0,00    0,00   99,80
18:24:19       7    0,00    0,00    0,00    0,00    0,00    0,00    0,00    0,00    0,00  100,00

18:24:19     CPU    %usr   %nice    %sys %iowait    %irq   %soft  %steal  %guest  %gnice   %idle
18:24:29     all    0,00    0,00    0,03    0,03    0,00    0,00    0,00    0,00    0,00   99,95
18:24:29       0    0,00    0,00    0,00    0,00    0,00    0,00    0,00    0,00    0,00  100,00
18:24:29       1    0,00    0,00    0,00    0,00    0,00    0,00    0,00    0,00    0,00  100,00
18:24:29       2    0,00    0,00    0,00    0,00    0,00    0,00    0,00    0,00    0,00  100,00
18:24:29       3    0,00    0,00    0,00    0,00    0,00    0,00    0,00    0,00    0,00  100,00
18:24:29       4    0,00    0,00    0,10    0,20    0,00    0,00    0,00    0,00    0,00   99,70
18:24:29       5    0,00    0,00    0,10    0,00    0,00    0,00    0,00    0,00    0,00   99,90
18:24:29       6    0,00    0,00    0,00    0,00    0,00    0,00    0,00    0,00    0,00  100,00
18:24:29       7    0,00    0,00    0,00    0,00    0,00    0,00    0,00    0,00    0,00  100,00

18:24:29     CPU    %usr   %nice    %sys %iowait    %irq   %soft  %steal  %guest  %gnice   %idle
18:24:39     all    0,00    0,00    0,03    0,01    0,00    0,00    0,00    0,00    0,00   99,96
18:24:39       0    0,00    0,00    0,00    0,00    0,00    0,00    0,00    0,00    0,00  100,00
18:24:39       1    0,00    0,00    0,00    0,00    0,00    0,00    0,00    0,00    0,00  100,00
18:24:39       2    0,00    0,00    0,10    0,00    0,00    0,00    0,00    0,00    0,00   99,90
18:24:39       3    0,00    0,00    0,00    0,00    0,00    0,00    0,00    0,00    0,00  100,00
18:24:39       4    0,00    0,00    0,00    0,10    0,00    0,00    0,00    0,00    0,00   99,90
18:24:39       5    0,00    0,00    0,10    0,00    0,00    0,00    0,00    0,00    0,00   99,90
18:24:39       6    0,00    0,00    0,00    0,00    0,00    0,00    0,00    0,00    0,00  100,00
18:24:39       7    0,00    0,00    0,00    0,00    0,00    0,00    0,00    0,00    0,00  100,00

18:24:39     CPU    %usr   %nice    %sys %iowait    %irq   %soft  %steal  %guest  %gnice   %idle
18:24:49     all    0,00    0,00    0,04    0,01    0,00    0,00    0,00    0,00    0,00   99,95
18:24:49       0    0,00    0,00    0,00    0,00    0,00    0,00    0,00    0,00    0,00  100,00
18:24:49       1    0,00    0,00    0,00    0,00    0,00    0,00    0,00    0,00    0,00  100,00
18:24:49       2    0,00    0,00    0,10    0,00    0,00    0,00    0,00    0,00    0,00   99,90
18:24:49       3    0,00    0,00    0,00    0,00    0,00    0,00    0,00    0,00    0,00  100,00
18:24:49       4    0,00    0,00    0,00    0,10    0,00    0,00    0,00    0,00    0,00   99,90
18:24:49       5    0,00    0,00    0,00    0,00    0,00    0,00    0,00    0,00    0,00  100,00
18:24:49       6    0,00    0,00    0,10    0,00    0,00    0,00    0,00    0,00    0,00   99,90
18:24:49       7    0,00    0,00    0,10    0,00    0,00    0,00    0,00    0,00    0,00   99,90

18:24:49     CPU    %usr   %nice    %sys %iowait    %irq   %soft  %steal  %guest  %gnice   %idle
18:24:59     all    0,00    0,00    0,03    0,03    0,00    0,00    0,00    0,00    0,00   99,95
18:24:59       0    0,00    0,00    0,00    0,00    0,00    0,00    0,00    0,00    0,00  100,00
18:24:59       1    0,00    0,00    0,00    0,00    0,00    0,00    0,00    0,00    0,00  100,00
18:24:59       2    0,00    0,00    0,00    0,20    0,00    0,00    0,00    0,00    0,00   99,80
18:24:59       3    0,00    0,00    0,00    0,00    0,00    0,00    0,00    0,00    0,00  100,00
18:24:59       4    0,00    0,00    0,10    0,00    0,00    0,00    0,00    0,00    0,00   99,90
18:24:59       5    0,00    0,00    0,10    0,00    0,00    0,00    0,00    0,00    0,00   99,90
18:24:59       6    0,00    0,00    0,00    0,00    0,00    0,00    0,00    0,00    0,00  100,00
18:24:59       7    0,00    0,00    0,00    0,00    0,00    0,00    0,00    0,00    0,00  100,00

18:24:59     CPU    %usr   %nice    %sys %iowait    %irq   %soft  %steal  %guest  %gnice   %idle
18:25:09     all    0,04    0,00    0,05    0,08    0,00    0,00    0,00    0,00    0,00   99,84
18:25:09       0    0,10    0,00    0,10    0,10    0,00    0,00    0,00    0,00    0,00   99,70
18:25:09       1    0,00    0,00    0,00    0,00    0,00    0,00    0,00    0,00    0,00  100,00
18:25:09       2    0,10    0,00    0,00    0,30    0,00    0,00    0,00    0,00    0,00   99,60
18:25:09       3    0,00    0,00    0,00    0,00    0,00    0,00    0,00    0,00    0,00  100,00
18:25:09       4    0,00    0,00    0,10    0,00    0,00    0,00    0,00    0,00    0,00   99,90
18:25:09       5    0,10    0,00    0,10    0,00    0,00    0,00    0,00    0,00    0,00   99,80
18:25:09       6    0,00    0,00    0,00    0,00    0,00    0,00    0,00    0,00    0,00  100,00
18:25:09       7    0,00    0,00    0,10    0,20    0,00    0,00    0,00    0,00    0,00   99,70

18:25:09     CPU    %usr   %nice    %sys %iowait    %irq   %soft  %steal  %guest  %gnice   %idle
18:25:19     all    0,05    0,00    0,00    0,03    0,00    0,00    0,00    0,00    0,00   99,92
18:25:19       0    0,00    0,00    0,00    0,00    0,00    0,00    0,00    0,00    0,00  100,00
18:25:19       1    0,00    0,00    0,00    0,00    0,00    0,00    0,00    0,00    0,00  100,00
18:25:19       2    0,00    0,00    0,00    0,20    0,00    0,00    0,00    0,00    0,00   99,80
18:25:19       3    0,10    0,00    0,00    0,00    0,00    0,00    0,00    0,00    0,00   99,90
18:25:19       4    0,00    0,00    0,00    0,00    0,00    0,00    0,00    0,00    0,00  100,00
18:25:19       5    0,00    0,00    0,00    0,00    0,00    0,00    0,00    0,00    0,00  100,00
18:25:19       6    0,20    0,00    0,00    0,00    0,00    0,00    0,00    0,00    0,00   99,80
18:25:19       7    0,10    0,00    0,00    0,00    0,00    0,00    0,00    0,00    0,00   99,90

18:25:19     CPU    %usr   %nice    %sys %iowait    %irq   %soft  %steal  %guest  %gnice   %idle
18:25:29     all    0,01    0,00    0,04    0,03    0,00    0,00    0,00    0,00    0,00   99,92
18:25:29       0    0,00    0,00    0,00    0,00    0,00    0,00    0,00    0,00    0,00  100,00
18:25:29       1    0,00    0,00    0,00    0,00    0,00    0,00    0,00    0,00    0,00  100,00
18:25:29       2    0,00    0,00    0,10    0,10    0,00    0,00    0,00    0,00    0,00   99,80
18:25:29       3    0,00    0,00    0,10    0,00    0,00    0,00    0,00    0,00    0,00   99,90
18:25:29       4    0,00    0,00    0,00    0,00    0,00    0,00    0,00    0,00    0,00  100,00
18:25:29       5    0,10    0,00    0,00    0,10    0,00    0,00    0,00    0,00    0,00   99,80
18:25:29       6    0,00    0,00    0,10    0,00    0,00    0,00    0,00    0,00    0,00   99,90
18:25:29       7    0,00    0,00    0,00    0,00    0,00    0,00    0,00    0,00    0,00  100,00

18:25:29     CPU    %usr   %nice    %sys %iowait    %irq   %soft  %steal  %guest  %gnice   %idle
18:25:39     all    0,00    0,00    0,04    0,03    0,00    0,01    0,00    0,00    0,00   99,92
18:25:39       0    0,00    0,00    0,00    0,00    0,00    0,00    0,00    0,00    0,00  100,00
18:25:39       1    0,00    0,00    0,00    0,00    0,00    0,00    0,00    0,00    0,00  100,00
18:25:39       2    0,00    0,00    0,10    0,20    0,00    0,00    0,00    0,00    0,00   99,70
18:25:39       3    0,00    0,00    0,00    0,00    0,00    0,00    0,00    0,00    0,00  100,00
18:25:39       4    0,00    0,00    0,00    0,00    0,00    0,00    0,00    0,00    0,00  100,00
18:25:39       5    0,00    0,00    0,10    0,00    0,00    0,00    0,00    0,00    0,00   99,90
18:25:39       6    0,00    0,00    0,00    0,00    0,00    0,00    0,00    0,00    0,00  100,00
18:25:39       7    0,00    0,00    0,10    0,00    0,00    0,10    0,00    0,00    0,00   99,80

18:25:39     CPU    %usr   %nice    %sys %iowait    %irq   %soft  %steal  %guest  %gnice   %idle
18:25:49     all    0,00    0,00    0,01    0,03    0,00    0,00    0,00    0,00    0,00   99,96
18:25:49       0    0,00    0,00    0,00    0,00    0,00    0,00    0,00    0,00    0,00  100,00
18:25:49       1    0,00    0,00    0,00    0,00    0,00    0,00    0,00    0,00    0,00  100,00
18:25:49       2    0,00    0,00    0,00    0,20    0,00    0,00    0,00    0,00    0,00   99,80
18:25:49       3    0,00    0,00    0,00    0,00    0,00    0,00    0,00    0,00    0,00  100,00
18:25:49       4    0,00    0,00    0,00    0,00    0,00    0,00    0,00    0,00    0,00  100,00
18:25:49       5    0,00    0,00    0,10    0,00    0,00    0,00    0,00    0,00    0,00   99,90
18:25:49       6    0,00    0,00    0,00    0,00    0,00    0,00    0,00    0,00    0,00  100,00
18:25:49       7    0,00    0,00    0,00    0,00    0,00    0,00    0,00    0,00    0,00  100,00

18:25:49     CPU    %usr   %nice    %sys %iowait    %irq   %soft  %steal  %guest  %gnice   %idle
18:25:59     all    0,04    0,00    0,00    0,03    0,00    0,00    0,00    0,00    0,00   99,94
18:25:59       0    0,00    0,00    0,00    0,00    0,00    0,00    0,00    0,00    0,00  100,00
18:25:59       1    0,10    0,00    0,00    0,00    0,00    0,00    0,00    0,00    0,00   99,90
18:25:59       2    0,10    0,00    0,00    0,20    0,00    0,00    0,00    0,00    0,00   99,70
18:25:59       3    0,00    0,00    0,00    0,00    0,00    0,00    0,00    0,00    0,00  100,00
18:25:59       4    0,10    0,00    0,00    0,00    0,00    0,00    0,00    0,00    0,00   99,90
18:25:59       5    0,00    0,00    0,00    0,00    0,00    0,00    0,00    0,00    0,00  100,00
18:25:59       6    0,00    0,00    0,00    0,00    0,00    0,00    0,00    0,00    0,00  100,00
18:25:59       7    0,00    0,00    0,00    0,00    0,00    0,00    0,00    0,00    0,00  100,00

18:25:59     CPU    %usr   %nice    %sys %iowait    %irq   %soft  %steal  %guest  %gnice   %idle
18:26:09     all    0,00    0,00    0,05    0,01    0,00    0,00    0,00    0,00    0,00   99,94
18:26:09       0    0,00    0,00    0,00    0,00    0,00    0,00    0,00    0,00    0,00  100,00
18:26:09       1    0,00    0,00    0,00    0,00    0,00    0,00    0,00    0,00    0,00  100,00
18:26:09       2    0,00    0,00    0,00    0,10    0,00    0,00    0,00    0,00    0,00   99,90
18:26:09       3    0,00    0,00    0,00    0,00    0,00    0,00    0,00    0,00    0,00  100,00
18:26:09       4    0,00    0,00    0,10    0,00    0,00    0,00    0,00    0,00    0,00   99,90
18:26:09       5    0,00    0,00    0,20    0,00    0,00    0,00    0,00    0,00    0,00   99,80
18:26:09       6    0,00    0,00    0,00    0,00    0,00    0,00    0,00    0,00    0,00  100,00
18:26:09       7    0,00    0,00    0,10    0,00    0,00    0,00    0,00    0,00    0,00   99,90

18:26:09     CPU    %usr   %nice    %sys %iowait    %irq   %soft  %steal  %guest  %gnice   %idle
18:26:19     all    0,01    0,00    0,05    0,01    0,00    0,00    0,00    0,00    0,00   99,92
18:26:19       0    0,00    0,00    0,10    0,00    0,00    0,00    0,00    0,00    0,00   99,90
18:26:19       1    0,00    0,00    0,10    0,00    0,00    0,00    0,00    0,00    0,00   99,90
18:26:19       2    0,00    0,00    0,10    0,10    0,00    0,00    0,00    0,00    0,00   99,80
18:26:19       3    0,00    0,00    0,00    0,00    0,00    0,00    0,00    0,00    0,00  100,00
18:26:19       4    0,00    0,00    0,00    0,00    0,00    0,00    0,00    0,00    0,00  100,00
18:26:19       5    0,00    0,00    0,10    0,00    0,00    0,00    0,00    0,00    0,00   99,90
18:26:19       6    0,00    0,00    0,00    0,00    0,00    0,00    0,00    0,00    0,00  100,00
18:26:19       7    0,10    0,00    0,00    0,00    0,00    0,00    0,00    0,00    0,00   99,90

18:26:19     CPU    %usr   %nice    %sys %iowait    %irq   %soft  %steal  %guest  %gnice   %idle
18:26:29     all    0,01    0,00    0,01    0,03    0,00    0,00    0,00    0,00    0,00   99,95
18:26:29       0    0,00    0,00    0,10    0,00    0,00    0,00    0,00    0,00    0,00   99,90
18:26:29       1    0,00    0,00    0,00    0,00    0,00    0,00    0,00    0,00    0,00  100,00
18:26:29       2    0,00    0,00    0,00    0,20    0,00    0,00    0,00    0,00    0,00   99,80
18:26:29       3    0,00    0,00    0,00    0,00    0,00    0,00    0,00    0,00    0,00  100,00
18:26:29       4    0,00    0,00    0,00    0,00    0,00    0,00    0,00    0,00    0,00  100,00
18:26:29       5    0,10    0,00    0,00    0,00    0,00    0,00    0,00    0,00    0,00   99,90
18:26:29       6    0,00    0,00    0,00    0,00    0,00    0,00    0,00    0,00    0,00  100,00
18:26:29       7    0,00    0,00    0,00    0,00    0,00    0,00    0,00    0,00    0,00  100,00

18:26:29     CPU    %usr   %nice    %sys %iowait    %irq   %soft  %steal  %guest  %gnice   %idle
18:26:39     all    0,00    0,00    0,03    0,03    0,00    0,00    0,00    0,00    0,00   99,95
18:26:39       0    0,00    0,00    0,00    0,00    0,00    0,00    0,00    0,00    0,00  100,00
18:26:39       1    0,00    0,00    0,00    0,00    0,00    0,00    0,00    0,00    0,00  100,00
18:26:39       2    0,00    0,00    0,00    0,20    0,00    0,00    0,00    0,00    0,00   99,80
18:26:39       3    0,00    0,00    0,00    0,00    0,00    0,00    0,00    0,00    0,00  100,00
18:26:39       4    0,00    0,00    0,00    0,00    0,00    0,00    0,00    0,00    0,00  100,00
18:26:39       5    0,00    0,00    0,10    0,00    0,00    0,00    0,00    0,00    0,00   99,90
18:26:39       6    0,00    0,00    0,10    0,00    0,00    0,00    0,00    0,00    0,00   99,90
18:26:39       7    0,00    0,00    0,00    0,00    0,00    0,00    0,00    0,00    0,00  100,00

18:26:39     CPU    %usr   %nice    %sys %iowait    %irq   %soft  %steal  %guest  %gnice   %idle
18:26:49     all    0,01    0,00    0,04    0,05    0,00    0,00    0,00    0,00    0,00   99,90
18:26:49       0    0,10    0,00    0,00    0,00    0,00    0,00    0,00    0,00    0,00   99,90
18:26:49       1    0,00    0,00    0,00    0,00    0,00    0,00    0,00    0,00    0,00  100,00
18:26:49       2    0,00    0,00    0,10    0,10    0,00    0,00    0,00    0,00    0,00   99,80
18:26:49       3    0,00    0,00    0,00    0,00    0,00    0,00    0,00    0,00    0,00  100,00
18:26:49       4    0,00    0,00    0,10    0,30    0,00    0,00    0,00    0,00    0,00   99,60
18:26:49       5    0,00    0,00    0,10    0,00    0,00    0,00    0,00    0,00    0,00   99,90
18:26:49       6    0,00    0,00    0,00    0,00    0,00    0,00    0,00    0,00    0,00  100,00
18:26:49       7    0,00    0,00    0,00    0,00    0,00    0,00    0,00    0,00    0,00  100,00

18:26:49     CPU    %usr   %nice    %sys %iowait    %irq   %soft  %steal  %guest  %gnice   %idle
18:26:59     all    0,00    0,00    0,00    0,03    0,00    0,00    0,00    0,00    0,00   99,97
18:26:59       0    0,00    0,00    0,00    0,00    0,00    0,00    0,00    0,00    0,00  100,00
18:26:59       1    0,00    0,00    0,00    0,00    0,00    0,00    0,00    0,00    0,00  100,00
18:26:59       2    0,00    0,00    0,00    0,00    0,00    0,00    0,00    0,00    0,00  100,00
18:26:59       3    0,00    0,00    0,00    0,00    0,00    0,00    0,00    0,00    0,00  100,00
18:26:59       4    0,00    0,00    0,00    0,20    0,00    0,00    0,00    0,00    0,00   99,80
18:26:59       5    0,00    0,00    0,00    0,00    0,00    0,00    0,00    0,00    0,00  100,00
18:26:59       6    0,00    0,00    0,00    0,00    0,00    0,00    0,00    0,00    0,00  100,00
18:26:59       7    0,00    0,00    0,00    0,00    0,00    0,00    0,00    0,00    0,00  100,00

18:26:59     CPU    %usr   %nice    %sys %iowait    %irq   %soft  %steal  %guest  %gnice   %idle
18:27:09     all    0,04    0,00    0,04    0,03    0,00    0,00    0,00    0,00    0,00   99,90
18:27:09       0    0,00    0,00    0,10    0,20    0,00    0,00    0,00    0,00    0,00   99,70
18:27:09       1    0,00    0,00    0,00    0,00    0,00    0,00    0,00    0,00    0,00  100,00
18:27:09       2    0,10    0,00    0,00    0,00    0,00    0,00    0,00    0,00    0,00   99,90
18:27:09       3    0,00    0,00    0,00    0,00    0,00    0,00    0,00    0,00    0,00  100,00
18:27:09       4    0,00    0,00    0,00    0,00    0,00    0,00    0,00    0,00    0,00  100,00
18:27:09       5    0,10    0,00    0,10    0,00    0,00    0,00    0,00    0,00    0,00   99,80
18:27:09       6    0,00    0,00    0,00    0,00    0,00    0,00    0,00    0,00    0,00  100,00
18:27:09       7    0,10    0,00    0,10    0,00    0,00    0,00    0,00    0,00    0,00   99,80

18:27:09     CPU    %usr   %nice    %sys %iowait    %irq   %soft  %steal  %guest  %gnice   %idle
18:27:19     all    0,01    0,00    0,03    0,03    0,00    0,00    0,00    0,00    0,00   99,94
18:27:19       0    0,00    0,00    0,00    0,20    0,00    0,00    0,00    0,00    0,00   99,80
18:27:19       1    0,00    0,00    0,00    0,00    0,00    0,00    0,00    0,00    0,00  100,00
18:27:19       2    0,00    0,00    0,10    0,00    0,00    0,00    0,00    0,00    0,00   99,90
18:27:19       3    0,00    0,00    0,00    0,00    0,00    0,00    0,00    0,00    0,00  100,00
18:27:19       4    0,00    0,00    0,10    0,00    0,00    0,00    0,00    0,00    0,00   99,90
18:27:19       5    0,00    0,00    0,00    0,00    0,00    0,00    0,00    0,00    0,00  100,00
18:27:19       6    0,00    0,00    0,00    0,00    0,00    0,00    0,00    0,00    0,00  100,00
18:27:19       7    0,10    0,00    0,00    0,00    0,00    0,00    0,00    0,00    0,00   99,90

18:27:19     CPU    %usr   %nice    %sys %iowait    %irq   %soft  %steal  %guest  %gnice   %idle
18:27:29     all    0,00    0,00    0,04    0,01    0,00    0,00    0,00    0,00    0,00   99,95
18:27:29       0    0,00    0,00    0,00    0,10    0,00    0,00    0,00    0,00    0,00   99,90
18:27:29       1    0,00    0,00    0,00    0,00    0,00    0,00    0,00    0,00    0,00  100,00
18:27:29       2    0,00    0,00    0,00    0,00    0,00    0,00    0,00    0,00    0,00  100,00
18:27:29       3    0,00    0,00    0,10    0,00    0,00    0,00    0,00    0,00    0,00   99,90
18:27:29       4    0,00    0,00    0,00    0,00    0,00    0,00    0,00    0,00    0,00  100,00
18:27:29       5    0,00    0,00    0,10    0,00    0,00    0,00    0,00    0,00    0,00   99,90
18:27:29       6    0,00    0,00    0,00    0,00    0,00    0,00    0,00    0,00    0,00  100,00
18:27:29       7    0,00    0,00    0,10    0,00    0,00    0,00    0,00    0,00    0,00   99,90

18:27:29     CPU    %usr   %nice    %sys %iowait    %irq   %soft  %steal  %guest  %gnice   %idle
18:27:39     all    0,00    0,00    0,03    0,01    0,00    0,00    0,00    0,00    0,00   99,96
18:27:39       0    0,00    0,00    0,00    0,10    0,00    0,00    0,00    0,00    0,00   99,90
18:27:39       1    0,00    0,00    0,00    0,00    0,00    0,00    0,00    0,00    0,00  100,00
18:27:39       2    0,00    0,00    0,00    0,00    0,00    0,00    0,00    0,00    0,00  100,00
18:27:39       3    0,00    0,00    0,00    0,00    0,00    0,00    0,00    0,00    0,00  100,00
18:27:39       4    0,00    0,00    0,00    0,00    0,00    0,00    0,00    0,00    0,00  100,00
18:27:39       5    0,00    0,00    0,10    0,00    0,00    0,00    0,00    0,00    0,00   99,90
18:27:39       6    0,00    0,00    0,10    0,00    0,00    0,00    0,00    0,00    0,00   99,90
18:27:39       7    0,00    0,00    0,00    0,00    0,00    0,00    0,00    0,00    0,00  100,00

18:27:39     CPU    %usr   %nice    %sys %iowait    %irq   %soft  %steal  %guest  %gnice   %idle
18:27:49     all    0,03    0,00    0,01    0,03    0,00    0,00    0,00    0,00    0,00   99,94
18:27:49       0    0,00    0,00    0,10    0,20    0,00    0,00    0,00    0,00    0,00   99,70
18:27:49       1    0,00    0,00    0,00    0,00    0,00    0,00    0,00    0,00    0,00  100,00
18:27:49       2    0,00    0,00    0,00    0,00    0,00    0,00    0,00    0,00    0,00  100,00
18:27:49       3    0,00    0,00    0,00    0,00    0,00    0,00    0,00    0,00    0,00  100,00
18:27:49       4    0,00    0,00    0,00    0,00    0,00    0,00    0,00    0,00    0,00  100,00
18:27:49       5    0,10    0,00    0,00    0,00    0,00    0,00    0,00    0,00    0,00   99,90
18:27:49       6    0,10    0,00    0,00    0,00    0,00    0,00    0,00    0,00    0,00   99,90
18:27:49       7    0,00    0,00    0,00    0,00    0,00    0,00    0,00    0,00    0,00  100,00

18:27:49     CPU    %usr   %nice    %sys %iowait    %irq   %soft  %steal  %guest  %gnice   %idle
18:27:59     all    0,00    0,00    0,03    0,04    0,00    0,00    0,00    0,00    0,00   99,94
18:27:59       0    0,00    0,00    0,00    0,20    0,00    0,00    0,00    0,00    0,00   99,80
18:27:59       1    0,00    0,00    0,00    0,10    0,00    0,00    0,00    0,00    0,00   99,90
18:27:59       2    0,00    0,00    0,10    0,00    0,00    0,00    0,00    0,00    0,00   99,90
18:27:59       3    0,00    0,00    0,00    0,00    0,00    0,00    0,00    0,00    0,00  100,00
18:27:59       4    0,00    0,00    0,00    0,00    0,00    0,00    0,00    0,00    0,00  100,00
18:27:59       5    0,00    0,00    0,10    0,00    0,00    0,00    0,00    0,00    0,00   99,90
18:27:59       6    0,00    0,00    0,00    0,00    0,00    0,00    0,00    0,00    0,00  100,00
18:27:59       7    0,00    0,00    0,00    0,00    0,00    0,00    0,00    0,00    0,00  100,00

18:27:59     CPU    %usr   %nice    %sys %iowait    %irq   %soft  %steal  %guest  %gnice   %idle
18:28:09     all    0,01    0,00    0,04    0,03    0,00    0,00    0,00    0,00    0,00   99,92
18:28:09       0    0,00    0,00    0,00    0,00    0,00    0,00    0,00    0,00    0,00  100,00
18:28:09       1    0,00    0,00    0,10    0,00    0,00    0,00    0,00    0,00    0,00   99,90
18:28:09       2    0,00    0,00    0,00    0,20    0,00    0,00    0,00    0,00    0,00   99,80
18:28:09       3    0,00    0,00    0,00    0,00    0,00    0,00    0,00    0,00    0,00  100,00
18:28:09       4    0,00    0,00    0,00    0,00    0,00    0,00    0,00    0,00    0,00  100,00
18:28:09       5    0,00    0,00    0,10    0,00    0,00    0,00    0,00    0,00    0,00   99,90
18:28:09       6    0,00    0,00    0,00    0,00    0,00    0,00    0,00    0,00    0,00  100,00
18:28:09       7    0,10    0,00    0,10    0,00    0,00    0,00    0,00    0,00    0,00   99,80

18:28:09     CPU    %usr   %nice    %sys %iowait    %irq   %soft  %steal  %guest  %gnice   %idle
18:28:19     all    0,04    0,00    0,01    0,04    0,00    0,00    0,00    0,00    0,00   99,91
18:28:19       0    0,00    0,00    0,10    0,00    0,00    0,00    0,00    0,00    0,00   99,90
18:28:19       1    0,00    0,00    0,00    0,10    0,00    0,00    0,00    0,00    0,00   99,90
18:28:19       2    0,00    0,00    0,00    0,10    0,00    0,00    0,00    0,00    0,00   99,90
18:28:19       3    0,00    0,00    0,00    0,00    0,00    0,00    0,00    0,00    0,00  100,00
18:28:19       4    0,00    0,00    0,00    0,00    0,00    0,00    0,00    0,00    0,00  100,00
18:28:19       5    0,10    0,00    0,00    0,10    0,00    0,00    0,00    0,00    0,00   99,80
18:28:19       6    0,20    0,00    0,00    0,00    0,00    0,00    0,00    0,00    0,00   99,80
18:28:19       7    0,00    0,00    0,00    0,00    0,00    0,00    0,00    0,00    0,00  100,00

18:28:19     CPU    %usr   %nice    %sys %iowait    %irq   %soft  %steal  %guest  %gnice   %idle
18:28:29     all    0,01    0,00    0,03    0,03    0,00    0,00    0,00    0,00    0,00   99,94
18:28:29       0    0,00    0,00    0,00    0,00    0,00    0,00    0,00    0,00    0,00  100,00
18:28:29       1    0,00    0,00    0,00    0,00    0,00    0,00    0,00    0,00    0,00  100,00
18:28:29       2    0,10    0,00    0,10    0,20    0,00    0,00    0,00    0,00    0,00   99,60
18:28:29       3    0,00    0,00    0,00    0,00    0,00    0,00    0,00    0,00    0,00  100,00
18:28:29       4    0,00    0,00    0,00    0,00    0,00    0,00    0,00    0,00    0,00  100,00
18:28:29       5    0,00    0,00    0,10    0,00    0,00    0,00    0,00    0,00    0,00   99,90
18:28:29       6    0,00    0,00    0,00    0,00    0,00    0,00    0,00    0,00    0,00  100,00
18:28:29       7    0,00    0,00    0,00    0,00    0,00    0,00    0,00    0,00    0,00  100,00

18:28:29     CPU    %usr   %nice    %sys %iowait    %irq   %soft  %steal  %guest  %gnice   %idle
18:28:39     all    0,00    0,00    0,01    0,03    0,00    0,00    0,00    0,00    0,00   99,96
18:28:39       0    0,00    0,00    0,00    0,00    0,00    0,00    0,00    0,00    0,00  100,00
18:28:39       1    0,00    0,00    0,00    0,00    0,00    0,00    0,00    0,00    0,00  100,00
18:28:39       2    0,00    0,00    0,00    0,00    0,00    0,00    0,00    0,00    0,00  100,00
18:28:39       3    0,00    0,00    0,00    0,00    0,00    0,00    0,00    0,00    0,00  100,00
18:28:39       4    0,00    0,00    0,00    0,00    0,00    0,00    0,00    0,00    0,00  100,00
18:28:39       5    0,00    0,00    0,10    0,00    0,00    0,00    0,00    0,00    0,00   99,90
18:28:39       6    0,00    0,00    0,00    0,20    0,00    0,00    0,00    0,00    0,00   99,80
18:28:39       7    0,00    0,00    0,00    0,00    0,00    0,00    0,00    0,00    0,00  100,00

18:28:39     CPU    %usr   %nice    %sys %iowait    %irq   %soft  %steal  %guest  %gnice   %idle
18:28:49     all    0,00    0,00    0,01    0,01    0,00    0,00    0,00    0,00    0,00   99,97
18:28:49       0    0,00    0,00    0,00    0,00    0,00    0,00    0,00    0,00    0,00  100,00
18:28:49       1    0,00    0,00    0,00    0,00    0,00    0,00    0,00    0,00    0,00  100,00
18:28:49       2    0,00    0,00    0,00    0,00    0,00    0,00    0,00    0,00    0,00  100,00
18:28:49       3    0,00    0,00    0,00    0,00    0,00    0,00    0,00    0,00    0,00  100,00
18:28:49       4    0,00    0,00    0,00    0,00    0,00    0,00    0,00    0,00    0,00  100,00
18:28:49       5    0,00    0,00    0,00    0,00    0,00    0,00    0,00    0,00    0,00  100,00
18:28:49       6    0,00    0,00    0,10    0,10    0,00    0,00    0,00    0,00    0,00   99,80
18:28:49       7    0,00    0,00    0,00    0,00    0,00    0,00    0,00    0,00    0,00  100,00

:  CPU    %usr   %nice    %sys %iowait    %irq   %soft  %steal  %guest  %gnice   %idle
:  all    0,02    0,00    0,03    0,03    0,00    0,00    0,00    0,00    0,00   99,92
:    0    0,01    0,00    0,02    0,04    0,00    0,00    0,00    0,00    0,00   99,93
:    1    0,02    0,00    0,04    0,01    0,00    0,00    0,00    0,00    0,00   99,93
:    2    0,01    0,00    0,03    0,05    0,00    0,00    0,00    0,00    0,00   99,91
:    3    0,01    0,00    0,01    0,01    0,00    0,00    0,00    0,00    0,00   99,97
:    4    0,01    0,00    0,03    0,03    0,00    0,00    0,00    0,00    0,00   99,93
:    5    0,03    0,00    0,07    0,04    0,00    0,00    0,00    0,00    0,00   99,86
:    6    0,02    0,00    0,02    0,04    0,00    0,00    0,00    0,00    0,00   99,92
:    7    0,03    0,00    0,03    0,02    0,00    0,01    0,00    0,00    0,00   99,92
