Linux 6.8.0-90-generic (theredhothabanero) 	14.12.2025 	_x86_64_	(8 CPU)

18:12:09      runq-sz  plist-sz   ldavg-1   ldavg-5  ldavg-15   blocked
18:12:19            1       578      0,12      0,04      0,36         0
18:12:29            1       578      0,10      0,04      0,35         0
18:12:39            0       577      0,09      0,03      0,35         0
18:12:49            0       577      0,07      0,03      0,34         0
18:12:59            0       577      0,06      0,03      0,34         0
18:13:09            0       577      0,05      0,03      0,34         0
18:13:19            0       577      0,04      0,03      0,33         0
18:13:29            0       577      0,04      0,03      0,33         0
18:13:39            0       577      0,03      0,03      0,32         0
18:13:49            0       577      0,02      0,02      0,32         0
18:13:59            0       577      0,02      0,02      0,32         0
18:14:09            0       577      0,02      0,02      0,31         0
18:14:19            0       577      0,01      0,02      0,31         0
18:14:29            0       577      0,01      0,02      0,31         0
18:14:39            0       577      0,01      0,02      0,30         0
18:14:49            0       577      0,01      0,02      0,30         0
18:14:59            0       577      0,01      0,02      0,29         0
18:15:09            0       578      0,00      0,02      0,29         0
18:15:19            0       578      0,00      0,02      0,29         0
18:15:29            0       578      0,00      0,01      0,28         0
18:15:39            0       578      0,00      0,01      0,28         0
18:15:49            0       578      0,00      0,01      0,27         0
18:15:59            0       578      0,00      0,01      0,27         0
18:16:09            0       578      0,00      0,01      0,27         0
18:16:19            0       578      0,00      0,01      0,26         0
18:16:29            0       578      0,00      0,01      0,26         0
18:16:39            0       578      0,00      0,01      0,26         0
18:16:49            0       578      0,00      0,01      0,26         0
18:16:59            0       578      0,00      0,01      0,25         0
18:17:09            0       578      0,00      0,00      0,25         0
18:17:19            0       578      0,00      0,00      0,25         0
18:17:29            0       578      0,00      0,00      0,24         0
18:17:39            0       578      0,00      0,00      0,24         0
18:17:49            0       578      0,00      0,00      0,24         0
18:17:59            0       578      0,00      0,00      0,24         0
18:18:09            0       578      0,00      0,00      0,23         0
18:18:19            0       578      0,00      0,00      0,23         0
18:18:29            0       578      0,00      0,00      0,23         0
18:18:39            0       578      0,00      0,00      0,22         0
18:18:49            0       578      0,00      0,00      0,22         0
18:18:59            0       578      0,00      0,00      0,22         0
18:19:09            0       578      0,00      0,00      0,21         0
18:19:19            0       578      0,00      0,00      0,21         0
18:19:29            0       578      0,00      0,00      0,21         0
18:19:39            0       578      0,00      0,00      0,21         0
18:19:49            0       578      0,00      0,00      0,20         0
18:19:59            0       578      0,00      0,00      0,20         0
18:20:09            0       577      0,00      0,00      0,20         0
18:20:19            0       577      0,00      0,00      0,19         0
18:20:29            0       577      0,00      0,00      0,19         0
18:20:39            0       577      0,00      0,00      0,19         0
18:20:49            1       577      0,00      0,00      0,19         0
18:20:59            1       577      0,00      0,00      0,18         0
18:21:09            1       577      0,00      0,00      0,18         0
18:21:19            1       577      0,00      0,00      0,18         0
18:21:29            1       577      0,00      0,00      0,18         0
18:21:39            1       577      0,00      0,00      0,17         0
18:21:49            1       579      0,08      0,02      0,18         0
18:21:59            1       579      0,07      0,02      0,18         0
18:22:09            1       579      0,06      0,01      0,17         0
18:22:19            1       579      0,05      0,01      0,17         0
18:22:29            1       578      0,04      0,01      0,17         0
18:22:39            1       578      0,03      0,01      0,17         0
18:22:49            1       578      0,03      0,01      0,17         0
18:22:59            1       578      0,02      0,01      0,16         0
18:23:09            1       578      0,02      0,01      0,16         0
18:23:19            1       579      0,02      0,01      0,16         0
18:23:29            1       578      0,01      0,01      0,16         0
18:23:39            1       578      0,01      0,01      0,16         0
18:23:49            1       578      0,01      0,00      0,15         0
18:23:59            1       578      0,01      0,00      0,15         0
18:24:09            1       578      0,00      0,00      0,15         0
18:24:19            1       578      0,00      0,00      0,15         0
18:24:29            1       578      0,00      0,00      0,15         0
18:24:39            1       578      0,00      0,00      0,14         0
18:24:49            1       578      0,00      0,00      0,14         0
18:24:59            1       578      0,00      0,00      0,14         0
18:25:09            1       578      0,00      0,00      0,14         0
18:25:19            1       578      0,00      0,00      0,14         0
18:25:29            1       578      0,00      0,00      0,14         0
18:25:39            1       578      0,00      0,00      0,13         0
18:25:49            1       578      0,00      0,00      0,13         0
18:25:59            1       578      0,00      0,00      0,13         0
18:26:09            1       578      0,00      0,00      0,13         0
18:26:19            1       578      0,00      0,00      0,13         0
18:26:29            1       578      0,00      0,00      0,12         0
18:26:39            1       578      0,00      0,00      0,12         0
18:26:49            1       578      0,00      0,00      0,12         0
18:26:59            1       578      0,00      0,00      0,12         0
18:27:09            1       578      0,00      0,00      0,12         0
18:27:19            1       577      0,00      0,00      0,11         0
18:27:29            1       577      0,00      0,00      0,11         0
18:27:39            1       577      0,00      0,00      0,11         0
18:27:49            1       577      0,00      0,00      0,11         0
18:27:59            1       577      0,00      0,00      0,11         0
18:28:09            1       577      0,00      0,00      0,10         0
18:28:19            1       577      0,00      0,00      0,10         0
18:28:29            1       577      0,00      0,00      0,10         0
18:28:39            1       577      0,00      0,00      0,10         0
18:28:49            1       576      0,00      0,00      0,10         0
Среднее:         1       578      0,01      0,01      0,21         0
