Linux 6.8.0-90-generic (theredhothabanero) 	14.12.2025 	_x86_64_	(8 CPU)

17:34:18      runq-sz  plist-sz   ldavg-1   ldavg-5  ldavg-15   blocked
17:34:20            1       617      3,50      6,06      3,09         0
17:34:22            0       615      3,22      5,96      3,07         0
17:34:24            0       615      3,22      5,96      3,07         0
17:34:26            0       615      2,96      5,86      3,05         0
17:34:28            0       615      2,96      5,86      3,05         1
17:34:30            0       615      2,96      5,86      3,05         0
17:34:32            0       615      2,72      5,76      3,04         0
17:34:34            0       615      2,72      5,76      3,04         0
17:34:36            0       615      2,50      5,67      3,02         0
17:34:38            0       615      2,50      5,67      3,02         0
17:34:40            0       615      2,50      5,67      3,02         0
17:34:42            0       615      2,30      5,57      3,00         0
17:34:44            0       615      2,30      5,57      3,00         0
17:34:46            0       615      2,12      5,48      2,99         0
17:34:48            1       614      2,12      5,48      2,99         0
17:34:50            0       615      2,12      5,48      2,99         0
17:34:52            0       615      1,95      5,39      2,97         0
17:34:54            0       615      1,95      5,39      2,97         0
17:34:56            0       615      1,79      5,30      2,95         0
17:34:58            0       615      1,79      5,30      2,95         0
17:35:00            0       615      1,79      5,30      2,95         0
17:35:02            0       615      1,65      5,21      2,94         0
17:35:04            3       615      1,65      5,21      2,94         0
17:35:06            0       615      1,51      5,13      2,92         0
17:35:08            0       615      1,51      5,13      2,92         0
17:35:10            1       615      1,51      5,13      2,92         0
17:35:12            0       615      1,39      5,04      2,91         0
17:35:14            0       615      1,39      5,04      2,91         0
17:35:16            0       615      1,28      4,96      2,89         0
17:35:18            0       615      1,28      4,96      2,89         0
17:35:20            0       615      1,28      4,96      2,89         0
17:35:22            0       615      1,18      4,87      2,87         0
17:35:24            0       615      1,18      4,87      2,87         0
17:35:26            0       615      1,24      4,83      2,87         0
17:35:28            0       615      1,24      4,83      2,87         0
17:35:30            0       615      1,24      4,83      2,87         0
17:35:32            0       615      1,14      4,75      2,85         0
17:35:34            0       615      1,14      4,75      2,85         0
17:35:36            0       615      1,05      4,67      2,84         0
17:35:38            0       615      1,05      4,67      2,84         0
17:35:40            0       615      1,05      4,67      2,84         0
17:35:42            0       615      1,05      4,60      2,83         0
17:35:44            0       615      1,05      4,60      2,83         0
17:35:46            0       615      1,04      4,54      2,82         0
17:35:48            0       615      1,04      4,54      2,82         0
17:35:50            0       615      1,04      4,54      2,82         0
17:35:52            0       615      0,96      4,47      2,80         0
17:35:54            0       614      0,96      4,47      2,80         0
17:35:56            0       614      0,88      4,39      2,79         0
17:35:58            0       613      0,88      4,39      2,79         0
Среднее:         0       615      1,74      5,15      2,93         0
