Linux 6.8.0-90-generic (theredhothabanero) 	14.12.2025 	_x86_64_	(8 CPU)

17:36:19      runq-sz  plist-sz   ldavg-1   ldavg-5  ldavg-15   blocked
17:36:21            0       614      0,70      4,07      2,72         0
17:36:23            1       614      0,70      4,07      2,72         0
17:36:25            0       614      0,70      4,07      2,72         0
17:36:27            0       614      0,64      4,00      2,71         0
17:36:29            0       614      0,64      4,00      2,71         0
17:36:31            0       614      0,59      3,94      2,69         0
17:36:33            2       614      0,59      3,94      2,69         0
17:36:35            0       614      0,59      3,94      2,69         0
17:36:37            0       614      0,54      3,87      2,68         0
17:36:39            0       614      0,54      3,87      2,68         1
17:36:41            0       615      0,50      3,81      2,66         0
17:36:43            0       614      0,50      3,81      2,66         0
17:36:45            0       614      0,50      3,81      2,66         0
17:36:47            0       614      0,46      3,74      2,65         0
17:36:49            2       614      0,46      3,74      2,65         0
17:36:51            1       614      0,42      3,68      2,63         0
17:36:53            0       614      0,42      3,68      2,63         0
17:36:55            0       614      0,42      3,68      2,63         0
17:36:57            0       614      0,39      3,62      2,62         0
17:36:59            0       614      0,39      3,62      2,62         0
17:37:01            0       614      0,36      3,56      2,61         0
17:37:03            0       614      0,36      3,56      2,61         0
17:37:05            0       614      0,36      3,56      2,61         0
17:37:07            0       614      0,33      3,50      2,59         0
17:37:09            0       614      0,33      3,50      2,59         0
17:37:11            0       614      0,30      3,44      2,58         0
17:37:13            0       614      0,30      3,44      2,58         0
17:37:15            0       614      0,30      3,44      2,58         0
17:37:17            0       614      0,36      3,40      2,57         0
17:37:19            0       614      0,36      3,40      2,57         0
17:37:21            0       614      0,41      3,36      2,56         0
17:37:23            0       614      0,41      3,36      2,56         0
17:37:25            0       614      0,41      3,36      2,56         0
17:37:27            0       614      0,38      3,30      2,55         0
17:37:29            0       614      0,38      3,30      2,55         0
17:37:31            0       614      0,35      3,25      2,53         0
17:37:33            0       614      0,35      3,25      2,53         0
17:37:35            0       614      0,35      3,25      2,53         0
17:37:37            1       614      0,40      3,21      2,52         0
17:37:39            1       614      0,40      3,21      2,52         0
17:37:41            0       614      0,53      3,19      2,52         0
17:37:43            0       614      0,53      3,19      2,52         0
17:37:45            1       614      0,53      3,19      2,52         0
17:37:47            0       614      0,56      3,15      2,51         0
17:37:49            0       614      0,56      3,15      2,51         0
17:37:51            0       614      0,60      3,12      2,50         0
17:37:53            1       614      0,60      3,12      2,50         0
17:37:55            0       614      0,60      3,12      2,50         0
17:37:57            0       614      0,55      3,07      2,49         1
17:37:59            1       613      0,55      3,07      2,49         0
Среднее:         0       614      0,47      3,52      2,60         0
